0 0.08300781250000004 0.5090361445783133 0 0.6460843373493977 0.09570312499999999 0.6731927710843375 0.17480468750000006 0.5105421686746988 0.08789062500000007 0.5045180722891566
0 0.17285156250000006 0.5075301204819277 0.09667968750000003 0.6731927710843374 0.20996093750000006 0.6731927710843374 0.26660156250000006 0.5075301204819277
0 0.26953125000000006 0.5150602409638554 0.20996093750000008 0.6701807228915664 0.326171875 0.6731927710843374 0.36328125 0.5090361445783134 0.26855468750000006 0.5120481927710844
0 0.3613281250000001 0.5090361445783134 0.326171875 0.6762048192771084 0.44140625 0.6762048192771084 0.451171875 0.5105421686746988 0.3623046875 0.5075301204819277 0.361328125 0.5075301204819278
0 0.4541015625 0.5090361445783133 0.4365234375 0.6792168674698795 0.552734375 0.677710843373494 0.5419921875000001 0.5120481927710844 0.4550781250000001 0.5090361445783133
0 0.5400390625 0.5090361445783133 0.5517578125 0.6837349397590361 0.6611328125 0.6822289156626506 0.634765625 0.5105421686746988
0 0.634765625 0.5075301204819277 0.6621093750000001 0.6731927710843374 0.7734375000000002 0.6686746987951807 0.7255859375000001 0.5105421686746988
0 0.728515625 0.5105421686746988 0.7802734375 0.6807228915662652 0.8925781250000002 0.6792168674698795 0.8173828125 0.5135542168674699 0.728515625 0.5135542168674699
0 0.822265625 0.5120481927710844 0.900390625 0.6837349397590361 0.9990234375 0.677710843373494 0.908203125 0.5120481927710844
0 0.0869140625 0.6746987951807231 0.004882812500000067 0.8584337349397592 0.0019531250000000442 0.9457831325301205 0.11621093750000003 0.9427710843373496 0.205078125 0.6792168674698796
0 0.20703125000000006 0.677710843373494 0.11425781250000008 0.9397590361445785 0.267578125 0.9427710843373496 0.32421875 0.6746987951807231
0 0.32617187500000006 0.6731927710843374 0.2675781250000001 0.941265060240964 0.421875 0.9382530120481929 0.4375 0.6777108433734941
0 0.4384765625 0.6762048192771084 0.4228515625 0.9472891566265061 0.5693359375 0.941265060240964 0.5537109375 0.6762048192771085
0 0.5537109375 0.6731927710843374 0.5683593750000002 0.9503012048192773 0.708984375 0.9457831325301206 0.6660156250000002 0.6716867469879519