1 0.7627604166666667 0.3314814814814815 0.2625 0.3861111111111111
0 0.5125 0.32037037037037036 0.2296875 0.37777777777777777
0 0.2872395833333333 0.31527777777777777 0.21666666666666667 0.37222222222222223
1 0.08828125 0.33425925925925926 0.1765625 0.41759259259259257
1 0.696875 0.7648148148148148 0.10260416666666666 0.09722222222222222
0 0.5916666666666667 0.7490740740740741 0.10572916666666667 0.062037037037037036
0 0.49947916666666664 0.6606481481481481 0.26458333333333334 0.05462962962962963
0 0.49895833333333334 0.7458333333333333 0.09322916666666667 0.05462962962962963
0 0.40598958333333335 0.7481481481481481 0.09427083333333333 0.05185185185185185
0 0.3067708333333333 0.7555555555555555 0.10052083333333334 0.058333333333333334
0 0.21015625 0.7518518518518519 0.09322916666666667 0.053703703703703705
1 0.09427083333333333 0.7893518518518519 0.12239583333333333 0.12314814814814815
1 0.24791666666666667 0.8675925925925926 0.06614583333333333 0.06481481481481481
0 0.31145833333333334 0.8546296296296296 0.06354166666666666 0.04814814814814815
0 0.49661458333333336 0.8490740740740741 0.0625 0.040740740740740744
0 0.5567708333333333 0.8444444444444444 0.06197916666666667 0.03888888888888889
0 0.6184895833333334 0.8412037037037037 0.065625 0.03888888888888889
0 0.23151041666666666 0.6759259259259259 0.27239583333333334 0.06759259259259259
0 0.4359375 0.850925925925926 0.06145833333333333 0.03981481481481482