1 0.9078125 0.21157407407407408 0.1171875 0.1037037037037037
1 0.30052083333333335 0.21157407407407408 0.10989583333333333 0.1
0 0.40625 0.2324074074074074 0.10520833333333333 0.06388888888888888
0 0.5005208333333333 0.2324074074074074 0.09791666666666667 0.06944444444444445
0 0.5942708333333333 0.2324074074074074 0.09895833333333333 0.06481481481481481
0 0.6864583333333333 0.23194444444444445 0.09114583333333333 0.06018518518518518
0 0.7794270833333333 0.2300925925925926 0.09322916666666667 0.058333333333333334
1 0.7513020833333334 0.1175925925925926 0.07395833333333333 0.06759259259259259
0 0.684375 0.12638888888888888 0.06510416666666667 0.05648148148148148
0 0.5606770833333333 0.13240740740740742 0.06458333333333334 0.044444444444444446
0 0.44036458333333334 0.13287037037037036 0.06614583333333333 0.04722222222222222
0 0.3765625 0.1337962962962963 0.06510416666666667 0.04537037037037037
0 0.490625 0.6685185185185185 0.23802083333333332 0.3731481481481482
0 0.7096354166666666 0.6652777777777777 0.20104166666666667 0.3731481481481482
1 0.90625 0.625462962962963 0.1875 0.4324074074074074
1 0.24192708333333332 0.6444444444444445 0.25885416666666666 0.40370370370370373
0 0.4953125 0.3175925925925926 0.27395833333333336 0.06388888888888888
0 0.7674479166666667 0.3125 0.2911458333333333 0.07037037037037037