1 0.5065104166666666 0.7189814814814814 0.12916666666666668 0.14074074074074075
1 0.37734375 0.7143518518518519 0.12864583333333332 0.14629629629629629
0 0.24322916666666666 0.6861111111111111 0.14427083333333332 0.1037037037037037
1 0.7213541666666666 0.7412037037037037 0.12083333333333333 0.16574074074074074
0 0.09973958333333334 0.6800925925925926 0.15104166666666666 0.10555555555555556
0 0.40208333333333335 0.5296296296296297 0.39479166666666665 0.13796296296296295
0 0.7747395833333334 0.562962962962963 0.3489583333333333 0.12037037037037036
1 0.5171875 0.862037037037037 0.07916666666666666 0.08703703703703704
1 0.5888020833333333 0.8722222222222222 0.0734375 0.10277777777777777
0 0.44166666666666665 0.8449074074074074 0.07239583333333334 0.05462962962962963
0 0.36744791666666665 0.8439814814814814 0.0796875 0.049074074074074076
0 0.29010416666666666 0.8453703703703703 0.08177083333333333 0.053703703703703705
0 0.21197916666666666 0.8462962962962963 0.0765625 0.05555555555555555
0 0.128125 0.8472222222222222 0.08854166666666667 0.05740740740740741