1 0.25602604166666665 0.6995555555555555 0.2627395833333333 0.38612037037037034
0 0.5040260416666666 0.7183333333333333 0.22978645833333333 0.37737037037037036
0 0.7262291666666666 0.73475 0.21659375 0.3717685185185185
1 0.9163541666666667 0.678611111111111 0.16729166666666667 0.40430555555555553
1 0.320546875 0.27021296296296293 0.10346875 0.09728703703703703
0 0.42488020833333334 0.2946666666666667 0.10567708333333334 0.062333333333333324
0 0.51596875 0.3774351851851852 0.2647291666666666 0.05471296296296296
0 0.518734375 0.29350925925925925 0.09330208333333333 0.05425000000000001
0 0.6125 0.2919351851851852 0.0944375 0.052111111111111115
0 0.7104895833333333 0.29377777777777775 0.10066145833333334 0.05790740740740741
0 0.8071927083333333 0.2919074074074074 0.09324479166666667 0.053925925925925926
1 0.9250104166666666 0.2606851851851852 0.12416145833333332 0.12289814814814815
1 0.7720729166666668 0.1774074074074074 0.06616666666666667 0.0650462962962963
0 0.7085677083333334 0.19467592592592592 0.06345833333333334 0.04777777777777778
0 0.5207135416666666 0.19290740740740742 0.06264583333333333 0.040629629629629634
0 0.459203125 0.1956388888888889 0.06220833333333333 0.039
0 0.39721875 0.19500925925925927 0.065796875 0.038537037037037036
0 0.7856875 0.3828425925925926 0.2723072916666667 0.06739814814814815
0 0.5818020833333333 0.19374074074074074 0.06129166666666667 0.040074074074074074