0 0.6790729166666666 0.28212037037037035 0.13361458333333334 0.09839814814814815
1 0.5524114583333334 0.24756481481481482 0.12758854166666667 0.14312037037037037
0 0.8181614583333333 0.2940462962962963 0.147859375 0.10757407407407409
0 0.7978958333333334 0.1288888888888889 0.087640625 0.06061111111111111
0 0.9462291666666667 0.3136851851851852 0.10368229166666666 0.0990925925925926
0 0.7147604166666667 0.12917592592592592 0.08304687499999999 0.05651851851851852
1 0.4188072916666667 0.22586111111111112 0.12747916666666667 0.1415462962962963
1 0.20320833333333335 0.2011851851851852 0.13602083333333334 0.14662037037037037
0 0.6382656250000001 0.12462037037037037 0.079015625 0.057694444444444444
0 0.5667187499999999 0.1168425925925926 0.08013541666666667 0.04675925925925926
0 0.49120833333333336 0.10475 0.073984375 0.06348148148148149
1 0.41655729166666666 0.08772222222222222 0.076828125 0.07574074074074073
1 0.3447395833333333 0.07531481481481482 0.07819791666666666 0.08696296296296296
0 0.5305885416666667 0.39832407407407405 0.3946614583333333 0.1498611111111111
0 0.036692301432291664 0.7805326867986608 0.35235134024293907 0.8360680617237795 0.3187189762220011 0.9903040520143236 0.005178250445896815 0.9883760085859064 0 0.8437798118157784 0.045320109403894256 0.7878694471397563 0.03881061446683477 0.774373637366117