0 0.453125 0.18703703703703703 0.10260416666666666 0.06388888888888888
0 0.55078125 0.1935185185185185 0.10104166666666667 0.06111111111111111
0 0.35390625 0.18194444444444444 0.10364583333333334 0.05925925925925926
0 0.24765625 0.17222222222222222 0.1171875 0.06296296296296296
1 0.6552083333333333 0.18518518518518517 0.10677083333333333 0.09074074074074075
1 0.19192708333333333 0.03888888888888889 0.07135416666666666 0.07037037037037037
0 0.4401041666666667 0.6606481481481481 0.26145833333333335 0.387037037037037
0 0.146875 0.1625 0.10625 0.06296296296296296
0 0.51953125 0.08333333333333333 0.07135416666666666 0.049074074074074076
0 0.58203125 0.08796296296296297 0.0703125 0.040740740740740744
1 0.04635416666666667 0.11666666666666667 0.0921875 0.1259259259259259
0 0.6411458333333333 0.08842592592592592 0.06302083333333333 0.03796296296296296
0 0.453125 0.07824074074074074 0.07083333333333333 0.04722222222222222
0 0.2625 0.05740740740740741 0.06979166666666667 0.05092592592592592
0 0.44765625 0.27361111111111114 0.29010416666666666 0.0787037037037037
0 0.16223958333333333 0.2537037037037037 0.3020833333333333 0.08796296296296297
0 0.20208333333333334 0.6421296296296296 0.2296875 0.4166666666666667
1 0.7 0.6513888888888889 0.27395833333333336 0.3990740740740741