0 0.6013020833333333 0.4212962962962963 0.3984375 0.11203703703703703
0 0.74609375 0.2949074074074074 0.14895833333333333 0.10185185185185185
0 0.23151041666666666 0.4041666666666667 0.3375 0.13240740740740742
1 0.60625 0.2763888888888889 0.13541666666666666 0.13148148148148148
1 0.26510416666666664 0.2412037037037037 0.12760416666666666 0.16111111111111112
1 0.4739583333333333 0.26990740740740743 0.13802083333333334 0.13148148148148148
0 0.8986979166666667 0.2972222222222222 0.16041666666666668 0.10925925925925926
0 0.5434895833333333 0.12962962962962962 0.08020833333333334 0.06481481481481481
1 0.47213541666666664 0.11296296296296296 0.07552083333333333 0.09814814814814815
1 0.39817708333333335 0.10972222222222222 0.07552083333333333 0.10185185185185185
1 0.12135416666666667 0.23564814814814813 0.12291666666666666 0.16666666666666666
0 0.61875 0.13194444444444445 0.07916666666666666 0.06111111111111111
0 0.696875 0.1300925925925926 0.0859375 0.06481481481481481
0 0.7794270833333333 0.12731481481481483 0.09322916666666667 0.06481481481481481
0 0.8651041666666667 0.1287037037037037 0.09010416666666667 0.06759259259259259