1 0.12213541666666666 0.7703703703703704 0.11614583333333334 0.17407407407407408
1 0.26536458333333335 0.7592592592592593 0.12604166666666666 0.15833333333333333
1 0.4778645833333333 0.7435185185185185 0.1328125 0.14351851851851852
1 0.6080729166666666 0.7402777777777778 0.12760416666666666 0.15833333333333333
1 0.3971354166666667 0.8865740740740741 0.07447916666666667 0.09259259259259259
1 0.4708333333333333 0.8865740740740741 0.0734375 0.09074074074074075
0 0.5455729166666666 0.8699074074074075 0.07552083333333333 0.05555555555555555
0 0.6200520833333333 0.8703703703703703 0.078125 0.062037037037037036
0 0.6958333333333333 0.8717592592592592 0.0796875 0.06481481481481481
0 0.77734375 0.8712962962962963 0.08385416666666666 0.06111111111111111
0 0.85859375 0.8740740740740741 0.08072916666666667 0.06759259259259259
0 0.74140625 0.7152777777777778 0.13958333333333334 0.11296296296296296
0 0.88671875 0.7092592592592593 0.15208333333333332 0.1175925925925926
0 0.5799479166666667 0.5555555555555556 0.4197916666666667 0.12777777777777777