1 0.9077031249999999 0.2115 0.11699999999999999 0.10382407407407407
1 0.30062500000000003 0.21162962962962964 0.10988020833333333 0.09963888888888889
0 0.4063177083333333 0.23252777777777778 0.10541145833333333 0.06426851851851852
0 0.5004375 0.23252777777777778 0.09805208333333333 0.0694074074074074
0 0.5941510416666667 0.23229629629629628 0.09911458333333334 0.06467592592592591
0 0.6864218750000001 0.23200925925925925 0.09133854166666668 0.05982407407407407
0 0.779546875 0.22998148148148148 0.09305729166666667 0.05837037037037037
1 0.7513645833333332 0.11747222222222223 0.0738125 0.06714814814814815
0 0.6845 0.12650925925925927 0.06532291666666666 0.05622222222222222
0 0.5607552083333334 0.1325740740740741 0.06454166666666666 0.044472222222222225
0 0.44026041666666665 0.13264814814814813 0.06598958333333334 0.04689814814814815
0 0.3766666666666667 0.13375925925925927 0.06484375 0.045537037037037036
0 0.4906875 0.6686388888888889 0.23814062500000002 0.37330555555555556
0 0.7095260416666667 0.6654074074074074 0.20114583333333333 0.3731574074074074
1 0.9062083333333334 0.625287037037037 0.18757812499999998 0.43230555555555555
1 0.241828125 0.6443055555555556 0.25908854166666667 0.40407407407407403
0 0.495296875 0.31754629629629627 0.2738802083333333 0.0641111111111111
0 0.7674375 0.3126759259259259 0.2913385416666667 0.07016666666666667