0 0.355609375 0.6698055555555555 0.238671875 0.32675
0 0.11881770833333333 0.6575 0.23763541666666665 0.34317592592592594
1 0.5758281249999999 0.6438240740740742 0.21496875000000001 0.38899074074074075
1 0.8239739583333333 0.666074074074074 0.2739114583333333 0.3727777777777778
1 0.6017239583333333 0.17909259259259258 0.05666145833333334 0.07848148148148149
1 0.6608177083333333 0.1934722222222222 0.059640625 0.06805555555555555
0 0.3231614583333334 0.2639722222222222 0.09033854166666666 0.06356481481481482
0 0.226671875 0.2495740740740741 0.10005208333333333 0.06457407407407408
0 0.4119427083333333 0.2728703703703704 0.09603645833333332 0.06534259259259259
0 0.5006145833333333 0.2771666666666666 0.09058333333333332 0.06748148148148148
0 0.592546875 0.28738888888888886 0.09504166666666666 0.05763888888888889
0 0.6854010416666667 0.2985 0.08686979166666667 0.05901851851851852
0 0.77771875 0.3063981481481482 0.09169270833333334 0.06015740740740741
0 0.8638385416666666 0.3199722222222222 0.08283333333333333 0.05159259259259259
0 0.29989062499999997 0.16619444444444445 0.06963541666666666 0.04492592592592593
0 0.36203125 0.17654629629629628 0.06590104166666667 0.036861111111111115
0 0.4832447916666667 0.18750925925925926 0.06534895833333333 0.046064814814814815