1 0.05546875 0.10740740740740741 0.1109375 0.12777777777777777
1 0.73828125 0.6092592592592593 0.26875 0.4703703703703704
1 0.6791666666666667 0.15231481481481482 0.1140625 0.1175925925925926
1 0.06875 0.5814814814814815 0.1375 0.42685185185185187
0 0.23229166666666667 0.6412037037037037 0.22760416666666666 0.4046296296296296
0 0.47213541666666664 0.6467592592592593 0.26614583333333336 0.3962962962962963
1 0.21197916666666666 0.030555555555555555 0.08645833333333333 0.06111111111111111
0 0.47552083333333334 0.2550925925925926 0.2765625 0.07685185185185185
0 0.5723958333333333 0.17314814814814813 0.10260416666666666 0.062037037037037036
0 0.47421875 0.17083333333333334 0.10104166666666667 0.062037037037037036
0 0.37552083333333336 0.16296296296296298 0.1078125 0.062037037037037036
0 0.2721354166666667 0.15138888888888888 0.09375 0.06018518518518518
0 0.17552083333333332 0.14629629629629629 0.09739583333333333 0.06388888888888888
0 0.19348958333333333 0.24212962962962964 0.2869791666666667 0.08611111111111111
0 0.5434895833333333 0.06018518518518518 0.06875 0.06481481481481481
0 0.4791666666666667 0.055092592592592596 0.06458333333333334 0.06018518518518518
0 0.4127604166666667 0.052314814814814814 0.06822916666666666 0.05648148148148148
0 0.2872395833333333 0.04583333333333333 0.0609375 0.04814814814814815
0 0.6075520833333333 0.0699074074074074 0.065625 0.04537037037037037