1 0.7440104166666667 0.6995370370370371 0.2625 0.3861111111111111
0 0.49609375 0.7185185185185186 0.2296875 0.37777777777777777
0 0.27369791666666665 0.7347222222222223 0.21666666666666667 0.37222222222222223
1 0.08359375 0.6782407407407407 0.1671875 0.4046296296296296
1 0.6794270833333333 0.27037037037037037 0.10364583333333334 0.09722222222222222
0 0.575 0.29444444444444445 0.10572916666666667 0.062037037037037036
0 0.48411458333333335 0.3773148148148148 0.26458333333333334 0.05462962962962963
0 0.48125 0.2935185185185185 0.09322916666666667 0.05462962962962963
0 0.3875 0.29212962962962963 0.09427083333333333 0.05185185185185185
0 0.28958333333333336 0.29398148148148145 0.10052083333333334 0.058333333333333334
0 0.19270833333333334 0.29212962962962963 0.09322916666666667 0.053703703703703705
1 0.075 0.26064814814814813 0.12395833333333334 0.12314814814814815
1 0.22786458333333334 0.17731481481481481 0.06614583333333333 0.06481481481481481
0 0.29140625 0.19490740740740742 0.06354166666666666 0.04814814814814815
0 0.4791666666666667 0.19305555555555556 0.0625 0.040740740740740744
0 0.5408854166666667 0.19583333333333333 0.06197916666666667 0.03888888888888889
0 0.6028645833333334 0.19490740740740742 0.065625 0.03888888888888889
0 0.21432291666666667 0.38287037037037036 0.27239583333333334 0.06759259259259259
0 0.41822916666666665 0.1935185185185185 0.06145833333333333 0.03981481481481482