0 0.7760364583333333 0.26073148148148145 0.14697395833333332 0.10551851851851851
0 0.8147656249999999 0.09937037037037036 0.08497916666666666 0.06393518518518518
0 0.907953125 0.092 0.09603645833333332 0.06337037037037037
1 0.640265625 0.23594444444444443 0.13634895833333335 0.14419444444444443
0 0.9239791666666667 0.26162962962962966 0.15204166666666669 0.10985185185185185
0 0.7297291666666667 0.0960462962962963 0.08541666666666667 0.06697222222222222
1 0.5032083333333334 0.23981481481481481 0.12831770833333334 0.14787037037037035
0 0.6523385416666667 0.09637962962962963 0.07911458333333334 0.06983333333333333
0 0.5772239583333333 0.0995925925925926 0.0765625 0.06437962962962963
1 0.500015625 0.09740740740740741 0.07585416666666665 0.08508333333333333
1 0.429359375 0.09535185185185185 0.06953125 0.08868518518518519
0 0.24893229166666667 0.3979722222222222 0.34396354166666665 0.13971296296296296
0 0.6258229166666667 0.4160555555555555 0.3968802083333333 0.13792592592592592
1 0.297328125 0.22916666666666666 0.12663020833333333 0.15998148148148147
0 0.1397078654528651 0.8187165181113644 0.04206536193536448 0.9806642584939074 0.4044272997394151 0.9825921607151014 0.4261255632218746 0.8630593988566113
0 0.4351298014322917 0.8615511699959084 0.41093679467647465 0.9864481063647125 0.7917422484944551 0.9903040520143236 0.7798080684943682 0.911258084044246