0 0.546875 0.812962962962963 0.10260416666666666 0.06388888888888888
0 0.44921875 0.8064814814814815 0.10104166666666667 0.06111111111111111
0 0.64609375 0.8180555555555555 0.10364583333333334 0.05925925925925926
0 0.75234375 0.8277777777777777 0.1171875 0.06296296296296296
1 0.34479166666666666 0.8148148148148148 0.10677083333333333 0.09074074074074075
1 0.8080729166666667 0.961574074074074 0.07135416666666666 0.07037037037037037
0 0.5598958333333334 0.33935185185185185 0.26145833333333335 0.387037037037037
0 0.853125 0.8375 0.10625 0.06296296296296296
0 0.48046875 0.9166666666666666 0.07135416666666666 0.049074074074074076
0 0.41796875 0.9120370370370371 0.0703125 0.040740740740740744
1 0.9536458333333333 0.8833333333333333 0.0921875 0.1259259259259259
0 0.35885416666666664 0.9115740740740741 0.06302083333333333 0.03796296296296296
0 0.546875 0.9217592592592593 0.07083333333333333 0.04722222222222222
0 0.7375 0.9425925925925925 0.06979166666666667 0.05092592592592592
0 0.55234375 0.7263888888888889 0.29010416666666666 0.0787037037037037
0 0.8377604166666667 0.7462962962962963 0.3020833333333333 0.08796296296296297
0 0.7979166666666667 0.3578703703703704 0.2296875 0.4166666666666667
1 0.3 0.3486111111111111 0.27395833333333336 0.3990740740740741