1 0.250859375 0.707712962962963 0.23690625 0.41532407407407407
0 0.5009166666666667 0.6948148148148148 0.2591614583333333 0.38987962962962963
0 0.719375 0.7088888888888889 0.20388541666666665 0.3740555555555556
1 0.9098437500000001 0.6796944444444445 0.1803125 0.3972037037037037
0 0.5096927083333334 0.37578703703703703 0.2728072916666667 0.07455555555555556
0 0.7809635416666667 0.35250925925925924 0.28539583333333335 0.0725
1 0.31652083333333336 0.2844259259259259 0.10651562499999999 0.10450925925925926
0 0.4190625 0.3002777777777778 0.098453125 0.05525925925925926
0 0.5116041666666666 0.2923796296296296 0.093984375 0.05087962962962963
0 0.6032708333333333 0.28146296296296297 0.097421875 0.06002777777777778
0 0.6996770833333333 0.2728888888888889 0.0995625 0.05672222222222222
0 0.7918802083333334 0.2644722222222222 0.08914583333333333 0.05716666666666667
1 0.9174062500000001 0.22733333333333333 0.12166145833333333 0.10731481481481482
1 0.7604739583333333 0.1510925925925926 0.06610416666666667 0.06807407407407406
0 0.6950885416666667 0.16962962962962963 0.06331250000000001 0.046453703703703705
0 0.570734375 0.18474074074074076 0.06269791666666666 0.04861111111111111