1 0.7197916666666667 0.6462962962962963 0.2682291666666667 0.4601851851851852
0 0.4627604166666667 0.6662037037037037 0.24427083333333333 0.4064814814814815
0 0.22734375 0.6606481481481481 0.23125 0.41574074074074074
0 0.46640625 0.2967592592592593 0.2828125 0.0962962962962963
0 0.17864583333333334 0.26157407407407407 0.3098958333333333 0.09259259259259259
0 0.171875 0.17592592592592593 0.1046875 0.06574074074074074
0 0.2734375 0.1837962962962963 0.0984375 0.06296296296296296
0 0.371875 0.19537037037037036 0.10989583333333333 0.06481481481481481
0 0.4669270833333333 0.20555555555555555 0.0984375 0.05925925925925926
0 0.56484375 0.21342592592592594 0.103125 0.06111111111111111
1 0.66953125 0.20185185185185187 0.10625 0.09907407407407408
1 0.20885416666666667 0.055092592592592596 0.0765625 0.0787037037037037
0 0.28098958333333335 0.08055555555555556 0.06979166666666667 0.05277777777777778
0 0.40598958333333335 0.09398148148148149 0.0703125 0.044444444444444446
0 0.5322916666666667 0.1050925925925926 0.06614583333333333 0.05
0 0.5953125 0.10787037037037037 0.0671875 0.049074074074074076
1 0.05182291666666667 0.13657407407407407 0.10364583333333334 0.12129629629629629