0 0.7494166666666667 0.30462962962962964 0.14003125 0.10825925925925926
0 0.7830729166666667 0.14183333333333334 0.08497916666666666 0.06393518518518518
0 0.8716666666666666 0.1393611111111111 0.09603645833333332 0.06337037037037037
1 0.6167343750000001 0.27847222222222223 0.13094791666666666 0.14419444444444443
0 0.896578125 0.3123796296296296 0.16053125000000001 0.10985185185185185
0 0.7017083333333333 0.1450462962962963 0.07898437500000001 0.053907407407407404
1 0.48599479166666665 0.2723703703703704 0.12831770833333334 0.14787037037037035
0 0.6259270833333334 0.14578703703703702 0.08141145833333334 0.05431481481481481
0 0.5512708333333334 0.14532407407407405 0.07518229166666666 0.05131481481481481
1 0.47613541666666664 0.12762037037037038 0.07738020833333333 0.08508333333333333
1 0.40679166666666666 0.12442592592592593 0.06931250000000001 0.0879074074074074
1 0.27316666666666667 0.24637962962962962 0.12348437500000001 0.16224999999999998
0 0.22347916666666665 0.42060185185185184 0.34396354166666665 0.13971296296296296
0 0.5908229166666668 0.45140740740740737 0.3968802083333333 0.13792592592592592
0 0.116119384765625 0.8360882070329454 0.02036709845290489 1 0.3881535623967664 0.9903040520143236 0.4065970784106962 0.903546333952247 0.09739614836197828 0.8245003659821694
0 0.4077860514322917 0.8985882070329454 0.75702483621466 0.9556009647894931 0.7516003100748494 0.9980158021063226 0.38272895679534735 0.9999437043275164