1 0.21380208333333334 0.12546296296296297 0.11927083333333334 0.12129629629629629
1 0.159375 0.6361111111111111 0.30572916666666666 0.46944444444444444
0 0.4359375 0.6055555555555555 0.2515625 0.3962962962962963
1 0.8895833333333333 0.5097222222222222 0.22083333333333333 0.42685185185185187
0 0.66796875 0.5861111111111111 0.21875 0.4009259259259259
1 0.8453125 0.05138888888888889 0.11875 0.1
0 0.71875 0.08194444444444444 0.09375 0.06851851851851852
0 0.6190104166666667 0.09907407407407408 0.10520833333333333 0.07037037037037037
0 0.5234375 0.11296296296296296 0.09479166666666666 0.06759259259259259
0 0.42578125 0.12453703703703704 0.10520833333333333 0.06944444444444445
0 0.3265625 0.13194444444444445 0.109375 0.08148148148148149
0 0.42864583333333334 0.2199074074074074 0.2921875 0.09537037037037037
0 0.71328125 0.18333333333333332 0.2984375 0.10185185185185185