0 0.6791666666666667 0.28194444444444444 0.13385416666666666 0.09814814814814815
1 0.55234375 0.24768518518518517 0.12760416666666666 0.14351851851851852
0 0.8182291666666667 0.29398148148148145 0.14791666666666667 0.10740740740740741
0 0.7979166666666667 0.1287037037037037 0.0875 0.06018518518518518
0 0.9463541666666667 0.3138888888888889 0.10364583333333334 0.09907407407407408
0 0.71484375 0.12916666666666668 0.0828125 0.05648148148148148
1 0.41875 0.22592592592592592 0.12760416666666666 0.14166666666666666
1 0.203125 0.2013888888888889 0.1359375 0.14629629629629629
0 0.63828125 0.12453703703703704 0.07916666666666666 0.05740740740740741
0 0.5666666666666667 0.11666666666666667 0.08020833333333334 0.046296296296296294
0 0.49114583333333334 0.10462962962962963 0.07395833333333333 0.06388888888888888
1 0.4166666666666667 0.0875 0.07708333333333334 0.07592592592592592
1 0.34479166666666666 0.07546296296296297 0.078125 0.08703703703703704
0 0.5182291666666666 0.425 0.41041666666666665 0.1537037037037037