1 0.49349479166666665 0.28087962962962965 0.129296875 0.14039814814814813
1 0.6227031249999999 0.2855185185185185 0.1284583333333333 0.1461388888888889
0 0.7566510416666666 0.3141203703703704 0.14417708333333332 0.104
1 0.2785572916666667 0.2586296296296296 0.12072916666666668 0.16535185185185186
0 0.9002187500000001 0.3201111111111111 0.15078125 0.10525
0 0.598046875 0.47019444444444447 0.39482291666666663 0.13832407407407407
0 0.22517708333333333 0.43721296296296297 0.349046875 0.12056481481481482
1 0.482875 0.13794444444444443 0.07941666666666666 0.08703703703703704
1 0.4112604166666667 0.12770370370370368 0.073671875 0.10321296296296296
0 0.5584322916666667 0.1553240740740741 0.07219270833333334 0.054425925925925926
0 0.6326354166666667 0.1558425925925926 0.07984895833333333 0.04953703703703704
0 0.7098177083333332 0.15463888888888888 0.08167708333333333 0.05405555555555556
0 0.788140625 0.1538611111111111 0.07659375 0.05562037037037037
0 0.8718958333333333 0.15262962962962964 0.08876041666666666 0.0575925925925926
0 0.2321770833333333 0.899537037037037 0.37922395833333333 0.20092592592592592
0 0.584359375 0.8972129629629629 0.380046875 0.20557407407407408