1 0.12213541666666666 0.22962962962962963 0.11614583333333334 0.17407407407407408
1 0.26536458333333335 0.24074074074074073 0.12604166666666666 0.15833333333333333
1 0.4778645833333333 0.2564814814814815 0.1328125 0.14351851851851852
1 0.6080729166666666 0.25972222222222224 0.12760416666666666 0.15833333333333333
1 0.3971354166666667 0.11342592592592593 0.07447916666666667 0.09259259259259259
1 0.4708333333333333 0.11342592592592593 0.0734375 0.09074074074074075
0 0.5466145833333333 0.1300925925925926 0.07552083333333333 0.05555555555555555
0 0.6200520833333333 0.12962962962962962 0.078125 0.062037037037037036
0 0.6966145833333334 0.12824074074074074 0.0796875 0.06481481481481481
0 0.7778645833333333 0.12731481481481483 0.08385416666666666 0.06111111111111111
0 0.8619791666666666 0.12407407407407407 0.08072916666666667 0.06759259259259259
0 0.7421875 0.2847222222222222 0.13958333333333334 0.11296296296296296
0 0.8921875 0.2884259259259259 0.15208333333333332 0.1175925925925926
0 0.5799479166666667 0.4444444444444444 0.4197916666666667 0.12777777777777777
0 0.21927083333333333 0.42083333333333334 0.3578125 0.11388888888888889