1 0.0921875 0.21157407407407408 0.1171875 0.1037037037037037
1 0.6994791666666667 0.21157407407407408 0.10989583333333333 0.1
0 0.59375 0.2324074074074074 0.10520833333333333 0.06388888888888888
0 0.49947916666666664 0.2324074074074074 0.09791666666666667 0.06944444444444445
0 0.40572916666666664 0.2324074074074074 0.09895833333333333 0.06481481481481481
0 0.31354166666666666 0.23194444444444445 0.09114583333333333 0.06018518518518518
0 0.22057291666666667 0.2300925925925926 0.09322916666666667 0.058333333333333334
1 0.24869791666666666 0.1175925925925926 0.07395833333333333 0.06759259259259259
0 0.315625 0.12638888888888888 0.06510416666666667 0.05648148148148148
0 0.4393229166666667 0.13240740740740742 0.06458333333333334 0.044444444444444446
0 0.5596354166666667 0.13287037037037036 0.06614583333333333 0.04722222222222222
0 0.6234375 0.1337962962962963 0.06510416666666667 0.04537037037037037
0 0.509375 0.6685185185185185 0.23802083333333332 0.3731481481481482
0 0.2903645833333333 0.6652777777777777 0.20104166666666667 0.3731481481481482
1 0.09375 0.625462962962963 0.1875 0.4324074074074074
1 0.7580729166666667 0.6444444444444445 0.25885416666666666 0.40370370370370373
0 0.5046875 0.3175925925925926 0.27395833333333336 0.06388888888888888
0 0.23255208333333333 0.3125 0.2911458333333333 0.07037037037037037