0 0.6026770833333334 0.44292592592592595 0.39858333333333335 0.13010185185185183
0 0.7530677083333334 0.2955462962962963 0.14555208333333333 0.1055
0 0.23230729166666667 0.42864814814814817 0.3376822916666667 0.13241666666666665
1 0.620703125 0.2746851851851852 0.13100520833333335 0.1368425925925926
1 0.27735937499999996 0.2462962962962963 0.12745833333333334 0.16124074074074074
1 0.4885 0.27301851851851855 0.13639583333333333 0.1383888888888889
0 0.8994531250000001 0.3031388888888889 0.15188541666666666 0.11347222222222222
0 0.554578125 0.1394074074074074 0.07997395833333334 0.06466666666666666
1 0.4822135416666667 0.11793518518518518 0.07533333333333332 0.09772222222222222
1 0.4090625 0.11350925925925927 0.07531770833333334 0.10144444444444445
0 0.6280520833333333 0.13832407407407407 0.08190625 0.06077777777777778
0 0.707828125 0.13662962962962963 0.08616666666666667 0.06475925925925925
0 0.7895625000000001 0.13589814814814816 0.089109375 0.0658611111111111
0 0.8764010416666667 0.13656481481481483 0.09003125000000001 0.06746296296296296