1 0.2552083333333333 0.6777777777777778 0.2625 0.3861111111111111
0 0.50546875 0.6782407407407407 0.2296875 0.37777777777777777
0 0.7286458333333333 0.6805555555555556 0.21666666666666667 0.37222222222222223
1 0.91640625 0.6722222222222223 0.1671875 0.4046296296296296
1 0.32135416666666666 0.24027777777777778 0.10260416666666666 0.09722222222222222
0 0.425 0.25601851851851853 0.10572916666666667 0.062037037037037036
0 0.51640625 0.33796296296296297 0.26458333333333334 0.05462962962962963
0 0.5197916666666667 0.25555555555555554 0.09322916666666667 0.05462962962962963
0 0.6122395833333333 0.2518518518518518 0.09427083333333333 0.05185185185185185
0 0.7091145833333333 0.24305555555555555 0.10052083333333334 0.058333333333333334
0 0.8072916666666666 0.23796296296296296 0.09322916666666667 0.053703703703703705
1 0.9322916666666666 0.19907407407407407 0.12395833333333334 0.12314814814814815
1 0.7716145833333333 0.12268518518518519 0.06614583333333333 0.06481481481481481
0 0.70859375 0.14027777777777778 0.06354166666666666 0.04814814814814815
0 0.5213541666666667 0.15787037037037038 0.0625 0.040740740740740744
0 0.46067708333333335 0.1625 0.06197916666666667 0.03888888888888889
0 0.39869791666666665 0.16805555555555557 0.065625 0.03888888888888889
0 0.784375 0.3277777777777778 0.27239583333333334 0.06759259259259259
0 0.5817708333333333 0.15324074074074073 0.06145833333333333 0.03981481481481482