1 0.28020833333333334 0.3537037037037037 0.2682291666666667 0.4601851851851852
0 0.5372395833333333 0.3337962962962963 0.24427083333333333 0.4064814814814815
0 0.77265625 0.33935185185185185 0.23125 0.41574074074074074
0 0.53359375 0.7032407407407407 0.2828125 0.0962962962962963
0 0.8213541666666667 0.7384259259259259 0.3098958333333333 0.09259259259259259
0 0.828125 0.8240740740740741 0.1046875 0.06574074074074074
0 0.7265625 0.8162037037037037 0.0984375 0.06296296296296296
0 0.628125 0.8046296296296296 0.10989583333333333 0.06481481481481481
0 0.5330729166666667 0.7944444444444444 0.0984375 0.05925925925925926
0 0.43515625 0.7865740740740741 0.103125 0.06111111111111111
1 0.33046875 0.7981481481481482 0.10625 0.09907407407407408
1 0.7911458333333333 0.9449074074074074 0.0765625 0.0787037037037037
0 0.7190104166666667 0.9194444444444444 0.06979166666666667 0.05277777777777778
0 0.5940104166666667 0.9060185185185186 0.0703125 0.044444444444444446
0 0.46770833333333334 0.8949074074074074 0.06614583333333333 0.05
0 0.4046875 0.8921296296296296 0.0671875 0.049074074074074076
1 0.9479166666666666 0.8629629629629629 0.10416666666666667 0.12037037037037036