1 0.74921875 0.29212962962962963 0.23697916666666666 0.41574074074074074
0 0.49895833333333334 0.3050925925925926 0.259375 0.38981481481481484
0 0.28072916666666664 0.2912037037037037 0.20364583333333333 0.37407407407407406
1 0.09010416666666667 0.3199074074074074 0.18020833333333333 0.3972222222222222
0 0.4903645833333333 0.6240740740740741 0.27291666666666664 0.075
0 0.21901041666666668 0.6476851851851851 0.28541666666666665 0.07222222222222222
1 0.68359375 0.7157407407407408 0.10677083333333333 0.10462962962962963
0 0.5809895833333333 0.6995370370370371 0.0984375 0.05555555555555555
0 0.48828125 0.7074074074074074 0.09375 0.05092592592592592
0 0.3966145833333333 0.7185185185185186 0.09739583333333333 0.06018518518518518
0 0.30026041666666664 0.7273148148148149 0.09947916666666666 0.05648148148148148
0 0.20807291666666666 0.7356481481481482 0.0890625 0.05740740740740741
1 0.08255208333333333 0.7726851851851851 0.121875 0.10740740740740741
1 0.23958333333333334 0.8490740740740741 0.06614583333333333 0.06851851851851852
0 0.30494791666666665 0.8305555555555556 0.06354166666666666 0.046296296296296294
0 0.42916666666666664 0.8152777777777778 0.0625 0.049074074074074076