0 0.6013020833333333 0.4212962962962963 0.3984375 0.11203703703703703
0 0.7643229166666666 0.27824074074074073 0.14895833333333333 0.10185185185185185
0 0.23151041666666666 0.4041666666666667 0.3375 0.13240740740740742
1 0.6265625 0.25416666666666665 0.13541666666666666 0.13148148148148148
1 0.28541666666666665 0.22453703703703703 0.12760416666666666 0.15833333333333333
1 0.49583333333333335 0.25324074074074077 0.12760416666666666 0.13148148148148148
0 0.9153645833333334 0.28055555555555556 0.16041666666666668 0.10925925925925926
0 0.5630208333333333 0.11435185185185186 0.08020833333333334 0.06481481481481481
1 0.4864583333333333 0.09768518518518518 0.07552083333333333 0.09814814814814815
1 0.41484375 0.09027777777777778 0.07552083333333333 0.10185185185185185
1 0.14583333333333334 0.2212962962962963 0.12291666666666666 0.16666666666666666
0 0.6411458333333333 0.11018518518518519 0.07760416666666667 0.06111111111111111
0 0.7184895833333333 0.10925925925925926 0.0859375 0.06481481481481481
0 0.8026041666666667 0.11203703703703703 0.09322916666666667 0.06481481481481481
0 0.8846354166666667 0.10925925925925926 0.09010416666666667 0.06759259259259259