1 0.2559895833333333 0.300462962962963 0.2625 0.3861111111111111
0 0.50390625 0.2814814814814815 0.2296875 0.37777777777777777
0 0.7263020833333333 0.2652777777777778 0.21666666666666667 0.37222222222222223
1 0.91640625 0.3212962962962963 0.1671875 0.4046296296296296
1 0.32057291666666665 0.7296296296296296 0.10364583333333334 0.09722222222222222
0 0.425 0.7055555555555556 0.10572916666666667 0.062037037037037036
0 0.5158854166666667 0.6226851851851852 0.26458333333333334 0.05462962962962963
0 0.51875 0.7064814814814815 0.09322916666666667 0.05462962962962963
0 0.6125 0.7078703703703704 0.09427083333333333 0.05185185185185185
0 0.7104166666666667 0.7060185185185185 0.10052083333333334 0.058333333333333334
0 0.8072916666666666 0.7078703703703704 0.09322916666666667 0.053703703703703705
1 0.925 0.7393518518518518 0.12395833333333334 0.12314814814814815
1 0.7721354166666666 0.8226851851851852 0.06614583333333333 0.06481481481481481
0 0.70859375 0.8055555555555556 0.06354166666666666 0.04814814814814815
0 0.5208333333333334 0.8069444444444445 0.0625 0.040740740740740744
0 0.4591145833333333 0.8041666666666667 0.06197916666666667 0.03888888888888889
0 0.3971354166666667 0.8050925925925926 0.065625 0.03888888888888889
0 0.7856770833333333 0.6171296296296296 0.27239583333333334 0.06759259259259259
0 0.5817708333333333 0.8064814814814815 0.06145833333333333 0.03981481481481482