0 0.5939947916666667 0.4352129629629629 0.39858333333333335 0.13010185185185183
0 0.74546875 0.2910462962962963 0.149171875 0.10163888888888889
0 0.22507291666666665 0.4170740740740741 0.3376822916666667 0.13241666666666665
1 0.6069583333333333 0.2676111111111111 0.12955729166666666 0.14327777777777778
1 0.2636145833333333 0.24758333333333332 0.12745833333333334 0.16124074074074074
1 0.47403125 0.26273148148148145 0.13784375000000001 0.13581481481481483
0 0.8951145833333333 0.2934907407407408 0.16056770833333334 0.1096111111111111
0 0.5422760416666667 0.12912037037037036 0.07997395833333334 0.06466666666666666
1 0.4691927083333333 0.1115 0.07533333333333332 0.09772222222222222
1 0.39531770833333335 0.10964814814814815 0.07531770833333334 0.10144444444444445
1 0.12055729166666666 0.23935185185185184 0.122734375 0.16645370370370371
0 0.6171979166666667 0.13061111111111112 0.07901041666666667 0.06077777777777778
0 0.6940833333333334 0.1263425925925926 0.08616666666666667 0.06475925925925925
0 0.77509375 0.12432407407407409 0.089109375 0.0658611111111111
0 0.8597604166666667 0.1237037037037037 0.09003125000000001 0.06746296296296296