1 0.23721354166666667 0.6686944444444445 0.2627395833333333 0.38612037037037034
0 0.4873854166666666 0.67975 0.22978645833333333 0.37737037037037036
0 0.7127708333333334 0.6845925925925926 0.21659375 0.3717685185185185
1 0.9116510416666667 0.6657407407407407 0.17669791666666665 0.4171666666666667
1 0.30318229166666666 0.23522222222222222 0.10277604166666668 0.09728703703703703
0 0.4082395833333334 0.25078703703703703 0.10567708333333334 0.062333333333333324
0 0.5004635416666666 0.3393611111111111 0.2647291666666666 0.05471296296296296
0 0.5009947916666666 0.2541296296296296 0.09330208333333333 0.05425000000000001
0 0.5940520833333333 0.25193518518518515 0.0944375 0.052111111111111115
0 0.6931458333333332 0.24427777777777776 0.10066145833333334 0.05790740740740741
0 0.789828125 0.24823148148148147 0.09324479166666667 0.053925925925925926
1 0.9056458333333333 0.2106296296296296 0.12219270833333334 0.12289814814814815
1 0.7520104166666666 0.13241666666666665 0.06616666666666667 0.0650462962962963
0 0.6884791666666668 0.1455648148148148 0.06345833333333334 0.04777777777777778
0 0.5032708333333333 0.15112037037037038 0.06264583333333333 0.040629629629629634
0 0.44321875 0.15542592592592594 0.06220833333333333 0.039
0 0.38149479166666667 0.15890740740740741 0.065796875 0.038537037037037036
0 0.7685572916666668 0.3241203703703704 0.2723072916666667 0.06739814814814815
0 0.56403125 0.14899074074074073 0.06129166666666667 0.040074074074074074