0 0.6013020833333333 0.5791666666666667 0.3984375 0.11203703703703703
0 0.74609375 0.7050925925925926 0.14895833333333333 0.10185185185185185
0 0.23151041666666666 0.5958333333333333 0.3375 0.13240740740740742
1 0.60625 0.7236111111111111 0.13541666666666666 0.13148148148148148
1 0.26510416666666664 0.7587962962962963 0.12760416666666666 0.16111111111111112
1 0.4739583333333333 0.7300925925925926 0.13802083333333334 0.13148148148148148
0 0.8986979166666667 0.7027777777777777 0.16041666666666668 0.10925925925925926
0 0.5434895833333333 0.8703703703703703 0.08020833333333334 0.06481481481481481
1 0.47213541666666664 0.8870370370370371 0.07552083333333333 0.09814814814814815
1 0.39817708333333335 0.8902777777777777 0.07552083333333333 0.10185185185185185
1 0.12135416666666667 0.7643518518518518 0.12291666666666666 0.16666666666666666
0 0.61875 0.8680555555555556 0.07916666666666666 0.06111111111111111
0 0.696875 0.8699074074074075 0.0859375 0.06481481481481481
0 0.7794270833333333 0.8726851851851852 0.09322916666666667 0.06481481481481481
0 0.8651041666666667 0.8712962962962963 0.09010416666666667 0.06759259259259259