1 0.48854166666666665 0.29074074074074074 0.13229166666666667 0.14166666666666666
1 0.6205729166666667 0.29583333333333334 0.1328125 0.14629629629629629
0 0.7544270833333333 0.3263888888888889 0.14427083333333332 0.09722222222222222
1 0.2786458333333333 0.25972222222222224 0.12083333333333333 0.16574074074074074
0 0.9020833333333333 0.32731481481481484 0.15416666666666667 0.10648148148148148
0 0.59453125 0.4703703703703704 0.39479166666666665 0.13796296296296295
0 0.22526041666666666 0.43703703703703706 0.3489583333333333 0.12037037037037036
1 0.48020833333333335 0.14537037037037037 0.07916666666666666 0.08703703703703704
1 0.4080729166666667 0.13240740740740742 0.0734375 0.10925925925925926
0 0.55390625 0.1625 0.07239583333333334 0.05462962962962963
0 0.6302083333333334 0.16527777777777777 0.0796875 0.05
0 0.7065104166666667 0.16435185185185186 0.08177083333333333 0.05185185185185185
0 0.7833333333333333 0.16342592592592592 0.07395833333333333 0.05277777777777778
0 0.8653645833333333 0.16342592592592592 0.08854166666666667 0.05740740740740741