0 0.5469010416666666 0.1870925925925926 0.102734375 0.06357407407407407
0 0.449296875 0.19349074074074074 0.10094791666666666 0.060981481481481484
0 0.64609375 0.18210185185185185 0.10357812500000001 0.05907407407407407
0 0.75221875 0.1721111111111111 0.11697395833333334 0.06337962962962963
1 0.34490625 0.18524074074074073 0.10675520833333334 0.09114814814814814
1 0.8081145833333333 0.038657407407407404 0.07144791666666667 0.07021296296296296
0 0.55996875 0.6606296296296297 0.26160416666666664 0.3872407407407408
0 0.8531718749999999 0.16255555555555556 0.10616666666666667 0.06325
0 0.48041666666666666 0.08329629629629628 0.07147395833333332 0.049101851851851855
0 0.417859375 0.08801851851851852 0.070109375 0.04067592592592593
1 0.953671875 0.11649074074074074 0.09225520833333332 0.1255462962962963
0 0.3589114583333333 0.08856481481481482 0.06327604166666666 0.038398148148148147
0 0.546765625 0.0780925925925926 0.07074479166666667 0.047518518518518515
0 0.7374947916666666 0.05740740740740741 0.06955729166666667 0.050638888888888886
0 0.5524635416666667 0.2736851851851852 0.2901458333333334 0.07837962962962963
0 0.8376979166666667 0.2538888888888889 0.30200520833333333 0.08762962962962963
0 0.7978385416666666 0.641962962962963 0.229875 0.41668518518518516
1 0.29996875 0.6512129629629629 0.27396875 0.39881481481481484