1 0.2415520833333333 0.6757685185185186 0.2641875 0.38483333333333336
0 0.49028125 0.67975 0.22978645833333333 0.37737037037037036
0 0.7120468750000001 0.6845925925925926 0.21659375 0.3717685185185185
1 0.9116510416666667 0.6696018518518518 0.17669791666666665 0.4171666666666667
1 0.30498958333333337 0.23522222222222222 0.106390625 0.09728703703703703
0 0.410046875 0.25480555555555556 0.10567708333333334 0.062333333333333324
0 0.5004635416666666 0.3393611111111111 0.2647291666666666 0.05471296296296296
0 0.504609375 0.25895370370370374 0.09330208333333333 0.05425000000000001
0 0.596765625 0.2599722222222222 0.0944375 0.052111111111111115
0 0.69540625 0.2539166666666667 0.10066145833333334 0.05790740740740741
0 0.7920885416666666 0.24903703703703703 0.09324479166666667 0.053925925925925926
1 0.9065520833333333 0.21786111111111112 0.12219270833333334 0.12289814814814815
1 0.755625 0.1348240740740741 0.06616666666666667 0.0650462962962963
0 0.6898333333333333 0.1455648148148148 0.06345833333333334 0.04777777777777778
0 0.505984375 0.1591574074074074 0.065359375 0.04224074074074074
0 0.4454791666666667 0.1598425925925926 0.06311458333333334 0.03980555555555556
0 0.38104166666666667 0.1621203703703704 0.065796875 0.038537037037037036
0 0.7685572916666668 0.33312037037037034 0.2723072916666667 0.06739814814814815
0 0.5667447916666667 0.15622222222222223 0.06129166666666667 0.040074074074074074