1 0.8778645833333333 0.7703703703703704 0.11614583333333334 0.17407407407407408
1 0.7346354166666667 0.7592592592592593 0.12604166666666666 0.15833333333333333
1 0.5221354166666666 0.7435185185185185 0.1328125 0.14351851851851852
1 0.3919270833333333 0.7402777777777778 0.12760416666666666 0.15833333333333333
1 0.6028645833333334 0.8865740740740741 0.07447916666666667 0.09259259259259259
1 0.5291666666666667 0.8865740740740741 0.0734375 0.09074074074074075
0 0.45338541666666665 0.8699074074074075 0.07552083333333333 0.05555555555555555
0 0.37994791666666666 0.8703703703703703 0.078125 0.062037037037037036
0 0.3033854166666667 0.8717592592592592 0.0796875 0.06481481481481481
0 0.22213541666666667 0.8726851851851852 0.08385416666666666 0.06111111111111111
0 0.13802083333333334 0.8759259259259259 0.08072916666666667 0.06759259259259259
0 0.2578125 0.7152777777777778 0.13958333333333334 0.11296296296296296
0 0.1078125 0.711574074074074 0.15208333333333332 0.11666666666666667
0 0.4200520833333333 0.5555555555555556 0.4197916666666667 0.12777777777777777
0 0.7807291666666667 0.5791666666666667 0.3578125 0.11388888888888889
0 0.4307239583333333 0.07604629629629629 0.39222395833333334 0.1512037037037037
0 0.771953125 0.10496296296296297 0.3325052083333333 0.2090462962962963