1 0.2630208333333333 0.7106481481481481 0.2520833333333333 0.4388888888888889
0 0.5091145833333334 0.7652777777777777 0.24114583333333334 0.3685185185185185
0 0.73046875 0.7759259259259259 0.20520833333333333 0.3638888888888889
1 0.91484375 0.762962962962963 0.1703125 0.39537037037037037
1 0.33177083333333335 0.31157407407407406 0.10625 0.09722222222222222
0 0.4322916666666667 0.33055555555555555 0.10260416666666666 0.062037037037037036
0 0.5223958333333333 0.4148148148148148 0.26145833333333335 0.05462962962962963
0 0.5236979166666667 0.3347222222222222 0.09322916666666667 0.05462962962962963
0 0.6169270833333333 0.33425925925925926 0.09427083333333333 0.05185185185185185
0 0.7119791666666667 0.3337962962962963 0.096875 0.05185185185185185
0 0.8072916666666666 0.33425925925925926 0.09322916666666667 0.053703703703703705
1 0.9296875 0.30324074074074076 0.11927083333333334 0.1175925925925926
1 0.7713541666666667 0.2199074074074074 0.06614583333333333 0.06481481481481481
0 0.70859375 0.23055555555555557 0.06354166666666666 0.04814814814814815
0 0.5841145833333333 0.2361111111111111 0.0625 0.040740740740740744
0 0.46536458333333336 0.23564814814814813 0.06197916666666667 0.03888888888888889
0 0.40260416666666665 0.2375 0.065625 0.03888888888888889
0 0.7877604166666666 0.4097222222222222 0.27239583333333334 0.06759259259259259
0 0.525 0.23472222222222222 0.0625 0.04259259259259259
1 0.28489583333333335 0.21666666666666667 0.06875 0.07037037037037037
0 0.6455729166666667 0.2361111111111111 0.06875 0.040740740740740744