1 0.2553020833333333 0.6776944444444444 0.2627395833333333 0.38612037037037034
0 0.5054739583333333 0.6784629629629629 0.22978645833333333 0.37737037037037036
0 0.7286874999999999 0.6807314814814815 0.21659375 0.3717685185185185
1 0.9163541666666667 0.672175925925926 0.16729166666666667 0.40430555555555553
1 0.32127083333333334 0.2403703703703704 0.10277604166666668 0.09728703703703703
0 0.42488020833333334 0.2559351851851852 0.10567708333333334 0.062333333333333324
0 0.5163802083333333 0.3380740740740741 0.2647291666666666 0.05471296296296296
0 0.5198072916666666 0.2554166666666667 0.09330208333333333 0.05425000000000001
0 0.612140625 0.25193518518518515 0.0944375 0.052111111111111115
0 0.7090625 0.24299074074074076 0.10066145833333334 0.05790740740740741
0 0.8071927083333333 0.23794444444444446 0.09324479166666667 0.053925925925925926
1 0.9322447916666667 0.19895370370370372 0.12416145833333332 0.12289814814814815
1 0.7717135416666667 0.12280555555555556 0.06616666666666667 0.0650462962962963
0 0.7085677083333334 0.14007407407407407 0.06345833333333334 0.04777777777777778
0 0.5214270833333333 0.15799074074074074 0.06264583333333333 0.040629629629629634
0 0.4606302083333333 0.16262962962962962 0.06220833333333333 0.039
0 0.39866666666666667 0.168 0.065796875 0.038537037037037036
0 0.7844739583333333 0.3279814814814815 0.2723072916666667 0.06739814814814815
0 0.5818020833333333 0.15311111111111111 0.06129166666666667 0.040074074074074074