0 0.6026041666666667 0.5569444444444445 0.3984375 0.13055555555555556
0 0.753125 0.7046296296296296 0.1453125 0.10555555555555556
0 0.23229166666666667 0.5712962962962963 0.3375 0.13240740740740742
1 0.6208333333333333 0.725462962962963 0.13125 0.13703703703703704
1 0.27734375 0.7537037037037037 0.12760416666666666 0.16111111111111112
1 0.48854166666666665 0.7268518518518519 0.13645833333333332 0.13796296296296295
0 0.8994791666666667 0.6967592592592593 0.15208333333333332 0.11388888888888889
0 0.5546875 0.8606481481481482 0.08020833333333334 0.06481481481481481
1 0.4822916666666667 0.8819444444444444 0.07552083333333333 0.09814814814814815
1 0.40911458333333334 0.8865740740740741 0.07552083333333333 0.10185185185185185
0 0.628125 0.861574074074074 0.08177083333333333 0.06111111111111111
0 0.7078125 0.8634259259259259 0.0859375 0.06481481481481481
0 0.7895833333333333 0.8638888888888889 0.0890625 0.06574074074074074
0 0.8763020833333334 0.8634259259259259 0.09010416666666667 0.06759259259259259
0 0.588046875 0.07582407407407407 0.40739583333333335 0.15164814814814814
0 0.2500677083333333 0.10072222222222223 0.4475885416666667 0.18667592592592594