1 0.122078125 0.22965740740740742 0.116 0.17364814814814813
1 0.26525 0.24080555555555555 0.12607291666666667 0.15837037037037036
1 0.47790625000000003 0.2564722222222222 0.132625 0.14358333333333334
1 0.60796875 0.25985185185185183 0.12747916666666667 0.15812037037037038
1 0.397171875 0.11328703703703703 0.07453125 0.09217592592592593
1 0.47079687499999995 0.1135462962962963 0.07355729166666666 0.09029629629629629
0 0.5466875000000001 0.13006481481481483 0.0755 0.05590740740740741
0 0.6199947916666667 0.12942592592592592 0.07786979166666666 0.06185185185185185
0 0.6965833333333333 0.12810185185185186 0.07943750000000001 0.06448148148148149
0 0.777953125 0.1275 0.08396875 0.06147222222222222
0 0.8620364583333333 0.12415740740740741 0.08079166666666666 0.06741666666666667
0 0.7420625 0.2845648148148148 0.139484375 0.11287037037037037
0 0.892109375 0.2882222222222222 0.15207291666666667 0.11712962962962963
0 0.5798749999999999 0.44427777777777777 0.41989583333333336 0.12792592592592592
0 0.21934895833333332 0.42077777777777775 0.358015625 0.11350925925925927