0 0.27180208333333333 0.7020092592592592 0.2550104166666667 0.32174074074074077
0 0.48864062500000005 0.27799074074074076 0.10516145833333333 0.054175925925925926
0 0.09546875 0.34031481481481485 0.11821875 0.059175925925925923
0 0.29954166666666665 0.3100925925925926 0.1050625 0.06472222222222222
0 0.75271875 0.22575925925925924 0.08878645833333333 0.049749999999999996
0 0.20306770833333332 0.3266203703703704 0.1075 0.06181481481481482
0 0.5763750000000001 0.26002777777777775 0.09650520833333333 0.0547037037037037
0 0.8448593750000001 0.2116574074074074 0.08409375000000001 0.050055555555555555
0 0.9712031250000001 0.1816111111111111 0.05400520833333333 0.03967592592592593
0 0.6627916666666667 0.24620370370370367 0.09352604166666666 0.053518518518518514
0 0.8647916666666667 0.2054537037037037 0.07953125 0.04925925925925926
1 0.4998020833333333 0.6194814814814814 0.21640625 0.32653703703703707
0 0.39174479166666665 0.2915925925925926 0.089046875 0.06810185185185184
1 0.48232812500000005 0.16934259259259257 0.05529166666666666 0.07212037037037038
1 0.5399427083333334 0.1609814814814815 0.05832291666666667 0.06749074074074074
1 0.7344427083333334 0.5496574074074074 0.266796875 0.33868518518518514