1 0.7583333333333333 0.32407407407407407 0.2640625 0.3851851851851852
0 0.5096354166666667 0.32037037037037036 0.2296875 0.37777777777777777
0 0.28802083333333334 0.31527777777777777 0.21666666666666667 0.37222222222222223
1 0.08828125 0.33055555555555555 0.1765625 0.41759259259259257
1 0.6950520833333333 0.7648148148148148 0.10625 0.09722222222222222
0 0.58984375 0.7453703703703703 0.10572916666666667 0.062037037037037036
0 0.49947916666666664 0.6606481481481481 0.26458333333333334 0.05462962962962963
0 0.4953125 0.7412037037037037 0.09322916666666667 0.05462962962962963
0 0.403125 0.7398148148148148 0.09427083333333333 0.05185185185185185
0 0.3046875 0.7462962962962963 0.10052083333333334 0.058333333333333334
0 0.2078125 0.7509259259259259 0.09322916666666667 0.053703703703703705
1 0.09348958333333333 0.7819444444444444 0.12239583333333333 0.12314814814814815
1 0.24427083333333333 0.8652777777777778 0.06614583333333333 0.06481481481481481
0 0.31015625 0.8546296296296296 0.06354166666666666 0.04814814814814815
0 0.4940104166666667 0.8407407407407408 0.06510416666666667 0.04259259259259259
0 0.5544270833333333 0.8402777777777778 0.06302083333333333 0.03981481481481482
0 0.6190104166666667 0.8379629629629629 0.065625 0.03888888888888889
0 0.23151041666666666 0.6666666666666666 0.27239583333333334 0.06759259259259259
0 0.43333333333333335 0.8439814814814814 0.06145833333333333 0.03981481481481482