0 0.3874166666666667 0.605574074074074 0.23569791666666667 0.31024074074074076
0 0.32447916666666665 0.2274537037037037 0.10227083333333334 0.0512037037037037
0 0.22296875000000002 0.2276388888888889 0.10689062499999999 0.0505462962962963
0 0.8775156249999999 0.1998703703703704 0.09696354166666667 0.049129629629629634
0 0.41629687499999996 0.2235 0.09475520833333334 0.05296296296296297
0 0.60021875 0.2173240740740741 0.10483854166666666 0.05296296296296297
0 0.15422916666666667 0.6071018518518518 0.23653125 0.30587962962962967
0 0.5085104166666666 0.2206111111111111 0.09520833333333334 0.04917592592592593
1 0.8593697916666667 0.5462037037037036 0.28125520833333334 0.3019722222222222
1 0.59928125 0.11002777777777778 0.064078125 0.05906481481481481
0 0.9634427083333333 0.19612037037037036 0.073109375 0.04388888888888889
1 0.663484375 0.10537037037037036 0.0636875 0.06751851851851852
0 0.14694270833333334 0.3040185185185185 0.28379166666666666 0.06446296296296297
0 0.6928645833333333 0.20697222222222222 0.09698958333333334 0.05289814814814815
0 0.7849114583333333 0.20133333333333334 0.08871354166666667 0.05915740740740741
1 0.6096302083333334 0.5691851851851852 0.22422916666666665 0.323212962962963