0 0.32083333333333336 0.28194444444444444 0.13385416666666666 0.09814814814814815
1 0.44765625 0.24768518518518517 0.12760416666666666 0.14351851851851852
0 0.18177083333333333 0.29398148148148145 0.14791666666666667 0.10740740740740741
0 0.20208333333333334 0.1287037037037037 0.0875 0.06018518518518518
0 0.05364583333333333 0.3138888888888889 0.10364583333333334 0.09907407407407408
0 0.28515625 0.12916666666666668 0.0828125 0.05648148148148148
1 0.58125 0.22592592592592592 0.12760416666666666 0.14166666666666666
1 0.796875 0.2013888888888889 0.1359375 0.14629629629629629
0 0.36171875 0.12453703703703704 0.07916666666666666 0.05740740740740741
0 0.43333333333333335 0.11666666666666667 0.08020833333333334 0.046296296296296294
0 0.5088541666666667 0.10462962962962963 0.07395833333333333 0.06388888888888888
1 0.5833333333333334 0.0875 0.07708333333333334 0.07592592592592592
1 0.6552083333333333 0.07546296296296297 0.078125 0.08703703703703704
0 0.46953125 0.39814814814814814 0.39479166666666665 0.15
0 0.49777604166666667 0.8798518518518519 0.39265104166666664 0.24029629629629629
0 0.8334479166666667 0.8802129629629629 0.33310416666666665 0.23175925925925928
0 0.8217291666666667 0.3834537037037037 0.3565364583333333 0.14562037037037037