0 0.5940104166666667 0.5648148148148148 0.3984375 0.13055555555555556
0 0.7455729166666667 0.7087962962962963 0.14895833333333333 0.10185185185185185
0 0.225 0.5828703703703704 0.3375 0.13240740740740742
1 0.60703125 0.7324074074074074 0.1296875 0.14351851851851852
1 0.2635416666666667 0.7523148148148148 0.12760416666666666 0.16111111111111112
1 0.4739583333333333 0.7375 0.13802083333333334 0.1361111111111111
0 0.8950520833333333 0.7064814814814815 0.16041666666666668 0.10925925925925926
0 0.5421875 0.8708333333333333 0.08020833333333334 0.06481481481481481
1 0.46927083333333336 0.888425925925926 0.07552083333333333 0.09814814814814815
1 0.3953125 0.8902777777777777 0.07552083333333333 0.10185185185185185
1 0.12057291666666667 0.7606481481481482 0.12291666666666666 0.16666666666666666
0 0.6171875 0.8694444444444445 0.07916666666666666 0.06111111111111111
0 0.6940104166666666 0.8736111111111111 0.0859375 0.06481481481481481
0 0.775 0.875462962962963 0.0890625 0.06574074074074074
0 0.8596354166666667 0.8763888888888889 0.09010416666666667 0.06759259259259259