1 0.2801197916666667 0.6464444444444444 0.26809375 0.4599537037037037
0 0.5371979166666667 0.6661851851851852 0.24447916666666666 0.4068333333333333
0 0.77253125 0.6605277777777778 0.23106770833333332 0.41609259259259257
0 0.5335 0.296962962962963 0.2826666666666667 0.09639814814814815
0 0.82146875 0.2617314814814815 0.31013541666666666 0.0927962962962963
0 0.8281927083333334 0.17591666666666667 0.10453124999999999 0.06607407407407408
0 0.7264583333333333 0.18368518518518517 0.09855729166666666 0.06290740740740741
0 0.628140625 0.19523148148148148 0.10984895833333333 0.06514814814814815
0 0.533015625 0.2055 0.09849479166666668 0.05889814814814815
0 0.4351041666666667 0.21357407407407408 0.103125 0.061129629629629624
1 0.3305208333333333 0.2019074074074074 0.10605208333333334 0.09898148148148149
1 0.7911927083333333 0.0550462962962963 0.07631770833333333 0.07898148148148147
0 0.7189374999999999 0.08061111111111112 0.06961458333333333 0.05287037037037037
0 0.5939583333333334 0.09386111111111112 0.07015624999999999 0.04421296296296296
0 0.46781770833333336 0.10528703703703703 0.06619791666666666 0.04986111111111111
0 0.4046458333333333 0.10806481481481481 0.06715104166666667 0.04939814814814815
1 0.9480104166666667 0.137 0.10397916666666666 0.12064814814814816