0 0.287515625 0.3367685185185185 0.10833854166666666 0.05573148148148148
0 0.3477395833333333 0.7495833333333333 0.23715624999999999 0.3275277777777778
0 0.18719270833333335 0.353212962962963 0.10785937500000001 0.057305555555555554
0 0.559390625 0.2965740740740741 0.10205729166666666 0.05311111111111111
0 0.37971354166666665 0.32989814814814816 0.0960625 0.05446296296296296
0 0.7433072916666668 0.26949074074074075 0.09741145833333334 0.05612037037037037
0 0.8303802083333333 0.2583611111111111 0.09790625 0.049944444444444444
0 0.25746874999999997 0.24455555555555555 0.07560416666666667 0.03642592592592593
0 0.6477083333333333 0.2869259259259259 0.09349479166666666 0.05577777777777778
1 0.6150416666666667 0.17925 0.055963541666666665 0.06453703703703705
1 0.5578385416666667 0.19012962962962962 0.05863020833333333 0.061648148148148146
0 0.19057812500000001 0.25403703703703706 0.07722395833333334 0.03663888888888889
0 0.4666197916666667 0.3091388888888889 0.08969791666666667 0.04880555555555555
0 0.972546875 0.2318611111111111 0.054906250000000004 0.050333333333333334
0 0.3214375 0.23526851851851852 0.07238541666666666 0.033777777777777775
1 0.806640625 0.6348518518518519 0.27436979166666664 0.33055555555555555
1 0.5667083333333333 0.6834907407407407 0.21170833333333333 0.31343518518518515
0 0.38295833333333335 0.2253703703703704 0.062427083333333334 0.04967592592592592
0 0.44395833333333334 0.21492592592592594 0.06439583333333333 0.05227777777777778
0 0.5016614583333333 0.2101851851851852 0.05975520833333334 0.05362962962962963
0 0.13182812500000002 0.7875833333333334 0.25290104166666666 0.3493611111111111