1 0.9078125 0.788425925925926 0.1171875 0.1037037037037037
1 0.30052083333333335 0.788425925925926 0.10989583333333333 0.1
0 0.40625 0.7675925925925926 0.10520833333333333 0.06388888888888888
0 0.5005208333333333 0.7675925925925926 0.09791666666666667 0.06944444444444445
0 0.5942708333333333 0.7675925925925926 0.09895833333333333 0.06481481481481481
0 0.6864583333333333 0.7680555555555556 0.09114583333333333 0.06018518518518518
0 0.7794270833333333 0.7699074074074074 0.09322916666666667 0.058333333333333334
1 0.7513020833333334 0.8824074074074074 0.07395833333333333 0.06759259259259259
0 0.684375 0.8736111111111111 0.06510416666666667 0.05648148148148148
0 0.5606770833333333 0.8675925925925926 0.06458333333333334 0.044444444444444446
0 0.44036458333333334 0.8671296296296296 0.06614583333333333 0.04722222222222222
0 0.3765625 0.8662037037037037 0.06510416666666667 0.04537037037037037
0 0.490625 0.3314814814814815 0.23802083333333332 0.3731481481481482
0 0.7096354166666666 0.3347222222222222 0.20104166666666667 0.3731481481481482
1 0.90625 0.37453703703703706 0.1875 0.4324074074074074
1 0.24192708333333332 0.35555555555555557 0.25885416666666666 0.40370370370370373
0 0.4953125 0.6824074074074075 0.27395833333333336 0.06388888888888888
0 0.7674479166666667 0.6875 0.2911458333333333 0.07037037037037037