0 0.22708333333333333 0.7476851851851852 0.146875 0.10555555555555556
0 0.190625 0.9180555555555555 0.08020833333333334 0.06388888888888888
0 0.10494791666666667 0.9199074074074074 0.0921875 0.06574074074074074
1 0.3651041666666667 0.7805555555555556 0.13645833333333332 0.14444444444444443
0 0.07604166666666666 0.7425925925925926 0.15208333333333332 0.11018518518518519
0 0.27109375 0.9180555555555555 0.08541666666666667 0.06111111111111111
1 0.5 0.7847222222222222 0.128125 0.14814814814814814
0 0.35130208333333335 0.9148148148148149 0.07916666666666666 0.06018518518518518
0 0.4278645833333333 0.9143518518518519 0.0765625 0.06481481481481481
1 0.503125 0.9300925925925926 0.07604166666666666 0.08518518518518518
1 0.5776041666666667 0.9263888888888889 0.06979166666666667 0.08888888888888889
0 0.7518229166666667 0.6199074074074075 0.34375 0.1398148148148148
0 0.3796875 0.6032407407407407 0.396875 0.13796296296296295
1 0.70859375 0.7962962962962963 0.12395833333333334 0.14629629629629629