1 0.24166666666666667 0.6759259259259259 0.2640625 0.3851851851851852
0 0.4903645833333333 0.6796296296296296 0.2296875 0.37777777777777777
0 0.7119791666666667 0.6847222222222222 0.21666666666666667 0.37222222222222223
1 0.91171875 0.6694444444444444 0.1765625 0.41759259259259257
1 0.30494791666666665 0.2351851851851852 0.10625 0.09722222222222222
0 0.41015625 0.25462962962962965 0.10572916666666667 0.062037037037037036
0 0.5005208333333333 0.33935185185185185 0.26458333333333334 0.05462962962962963
0 0.5046875 0.2587962962962963 0.09322916666666667 0.05462962962962963
0 0.596875 0.2601851851851852 0.09427083333333333 0.05185185185185185
0 0.6953125 0.2537037037037037 0.10052083333333334 0.058333333333333334
0 0.7921875 0.2490740740740741 0.09322916666666667 0.053703703703703705
1 0.9065104166666667 0.21805555555555556 0.12239583333333333 0.12314814814814815
1 0.7557291666666667 0.13472222222222222 0.06614583333333333 0.06481481481481481
0 0.68984375 0.14537037037037037 0.06354166666666666 0.04814814814814815
0 0.5059895833333333 0.15925925925925927 0.06510416666666667 0.04259259259259259
0 0.44557291666666665 0.1597222222222222 0.06302083333333333 0.03981481481481482
0 0.3809895833333333 0.16203703703703703 0.065625 0.03888888888888889
0 0.7684895833333333 0.3333333333333333 0.27239583333333334 0.06759259259259259
0 0.5666666666666667 0.15601851851851853 0.06145833333333333 0.03981481481481482