0 0.25052083333333336 0.6953703703703704 0.14010416666666667 0.10833333333333334
0 0.21692708333333333 0.8583333333333333 0.08489583333333334 0.06388888888888888
0 0.12838541666666667 0.8606481481481482 0.09583333333333334 0.06296296296296296
1 0.38333333333333336 0.7217592592592592 0.13072916666666667 0.14444444444444443
0 0.10338541666666666 0.6875 0.16041666666666668 0.11018518518518519
0 0.2981770833333333 0.8550925925925926 0.07916666666666666 0.053703703703703705
1 0.5140625 0.7277777777777777 0.128125 0.14814814814814814
0 0.37395833333333334 0.8541666666666666 0.08125 0.05462962962962963
0 0.44869791666666664 0.8546296296296296 0.075 0.05092592592592592
1 0.5239583333333333 0.8722222222222222 0.07760416666666667 0.08518518518518518
1 0.5932291666666667 0.875462962962963 0.06927083333333334 0.08796296296296297
1 0.7268229166666667 0.7537037037037037 0.1234375 0.16203703703703703
0 0.7765625 0.5796296296296296 0.34375 0.1398148148148148
0 0.40911458333333334 0.5486111111111112 0.396875 0.13796296296296295