0 0.6012291666666666 0.42106481481481484 0.39858333333333335 0.11209259259259259
0 0.7461927083333334 0.2949074074074074 0.149171875 0.10163888888888889
0 0.23158333333333334 0.404212962962963 0.3376822916666667 0.13241666666666665
1 0.6063124999999999 0.27625 0.13518229166666668 0.1311388888888889
1 0.26506250000000003 0.24114814814814814 0.12745833333333334 0.16124074074074074
1 0.47403125 0.27001851851851855 0.13784375000000001 0.1315277777777778
0 0.898734375 0.2973518518518518 0.16056770833333334 0.1096111111111111
0 0.5434791666666666 0.12983333333333333 0.07997395833333334 0.06466666666666666
1 0.4720052083333333 0.11292592592592592 0.07533333333333332 0.09772222222222222
1 0.39821354166666667 0.10964814814814815 0.07531770833333334 0.10144444444444445
1 0.12128125000000001 0.23549074074074075 0.122734375 0.16645370370370371
0 0.6188072916666666 0.13203703703703704 0.07901041666666667 0.06077777777777778
0 0.6968958333333333 0.12991666666666668 0.08616666666666667 0.06475925925925925
0 0.7795104166666668 0.12753703703703703 0.093125 0.06514814814814815
0 0.864984375 0.1287037037037037 0.09003125000000001 0.06746296296296296