1 0.9444947916666667 0.10797222222222222 0.111015625 0.12825
1 0.261640625 0.6092685185185185 0.26888541666666665 0.4705
1 0.320953125 0.15252777777777776 0.114078125 0.11777777777777779
1 0.9312552083333333 0.5813888888888888 0.13748958333333333 0.4264074074074074
0 0.7677916666666668 0.6413148148148148 0.227515625 0.40429629629629626
0 0.5278958333333333 0.6466574074074074 0.26596875000000003 0.3961944444444444
1 0.7876458333333333 0.030740740740740742 0.08652604166666666 0.061490740740740735
0 0.52459375 0.25516666666666665 0.27641145833333336 0.07716666666666668
0 0.4276302083333333 0.17304629629629628 0.10274479166666667 0.06174074074074075
0 0.5257552083333333 0.17096296296296296 0.10097916666666666 0.06228703703703704
0 0.6245729166666667 0.163 0.10802083333333333 0.06192592592592592
0 0.7279322916666667 0.1513148148148148 0.09391666666666666 0.06007407407407407
0 0.824484375 0.1464351851851852 0.09734375 0.06373148148148149
0 0.8064166666666667 0.24209259259259258 0.287234375 0.0859537037037037
0 0.45652604166666666 0.0604074074074074 0.06879166666666667 0.06489814814814815
0 0.520765625 0.05522222222222222 0.06468229166666667 0.0600925925925926
0 0.5872239583333333 0.05240740740740741 0.06840625 0.05622222222222222
0 0.7127135416666667 0.04594444444444444 0.061000000000000006 0.04856481481481482
0 0.3925104166666667 0.06983333333333333 0.065671875 0.04512962962962963