0 0.33098958333333334 0.7162037037037037 0.2359375 0.3101851851851852
0 0.2955729166666667 0.3148148148148148 0.10208333333333333 0.05092592592592592
0 0.19479166666666667 0.3023148148148148 0.10677083333333333 0.05092592592592592
0 0.8348958333333333 0.3787037037037037 0.08697916666666666 0.049074074074074076
0 0.3888020833333333 0.3277777777777778 0.09479166666666666 0.05277777777777778
0 0.5684895833333333 0.35 0.1046875 0.05277777777777778
0 0.1078125 0.7078703703703704 0.215625 0.3277777777777778
0 0.47604166666666664 0.3365740740740741 0.0953125 0.049074074074074076
1 0.7940104166666667 0.7305555555555555 0.26875 0.36018518518518516
1 0.5752604166666667 0.25416666666666665 0.058854166666666666 0.062037037037037036
1 0.6354166666666666 0.25462962962962965 0.06041666666666667 0.06851851851851852
0 0.66171875 0.3611111111111111 0.096875 0.05277777777777778
0 0.7442708333333333 0.3712962962962963 0.08854166666666667 0.05925925925925926
1 0.5502604166666667 0.7222222222222222 0.22447916666666667 0.32314814814814813