1 0.28020833333333334 0.6462962962962963 0.2682291666666667 0.4601851851851852
0 0.5372395833333333 0.6662037037037037 0.24427083333333333 0.4064814814814815
0 0.77265625 0.6606481481481481 0.23125 0.41574074074074074
0 0.53359375 0.2967592592592593 0.2828125 0.0962962962962963
0 0.8213541666666667 0.26157407407407407 0.3098958333333333 0.09259259259259259
0 0.828125 0.17592592592592593 0.1046875 0.06574074074074074
0 0.7265625 0.1837962962962963 0.0984375 0.06296296296296296
0 0.628125 0.19537037037037036 0.10989583333333333 0.06481481481481481
0 0.5330729166666667 0.20555555555555555 0.0984375 0.05925925925925926
0 0.43515625 0.21342592592592594 0.103125 0.06111111111111111
1 0.33046875 0.20185185185185187 0.10625 0.09907407407407408
1 0.7911458333333333 0.055092592592592596 0.0765625 0.0787037037037037
0 0.7190104166666667 0.08055555555555556 0.06979166666666667 0.05277777777777778
0 0.5940104166666667 0.09398148148148149 0.0703125 0.044444444444444446
0 0.46770833333333334 0.1050925925925926 0.06614583333333333 0.05
0 0.4046875 0.10787037037037037 0.0671875 0.049074074074074076
1 0.9479166666666666 0.13703703703703704 0.10416666666666667 0.12037037037037036