1 0.2552083333333333 0.32222222222222224 0.2625 0.3861111111111111
0 0.50546875 0.32175925925925924 0.2296875 0.37777777777777777
0 0.7286458333333333 0.3194444444444444 0.21666666666666667 0.37222222222222223
1 0.91640625 0.3277777777777778 0.1671875 0.4046296296296296
1 0.32135416666666666 0.7597222222222222 0.10260416666666666 0.09722222222222222
0 0.425 0.7439814814814815 0.10572916666666667 0.062037037037037036
0 0.51640625 0.6620370370370371 0.26458333333333334 0.05462962962962963
0 0.5197916666666667 0.7444444444444445 0.09322916666666667 0.05462962962962963
0 0.6122395833333333 0.7481481481481481 0.09427083333333333 0.05185185185185185
0 0.7091145833333333 0.7569444444444444 0.10052083333333334 0.058333333333333334
0 0.8072916666666666 0.7620370370370371 0.09322916666666667 0.053703703703703705
1 0.9322916666666666 0.8009259259259259 0.12395833333333334 0.12314814814814815
1 0.7716145833333333 0.8773148148148148 0.06614583333333333 0.06481481481481481
0 0.70859375 0.8597222222222223 0.06354166666666666 0.04814814814814815
0 0.5213541666666667 0.8421296296296297 0.0625 0.040740740740740744
0 0.46067708333333335 0.8375 0.06197916666666667 0.03888888888888889
0 0.39869791666666665 0.8319444444444445 0.065625 0.03888888888888889
0 0.784375 0.6722222222222223 0.27239583333333334 0.06759259259259259
0 0.5817708333333333 0.8467592592592592 0.06145833333333333 0.03981481481481482