0 0.7729479166666666 0.2525 0.14697395833333332 0.10551851851851851
0 0.8094427083333334 0.08212037037037037 0.07996874999999999 0.06393518518518518
0 0.8951718750000001 0.07991666666666666 0.09228125000000001 0.06559259259259259
1 0.6348645833333334 0.21948148148148147 0.13634895833333335 0.14419444444444443
0 0.9239791666666667 0.25751851851851854 0.15204166666666669 0.10985185185185185
0 0.7287916666666666 0.08212962962962964 0.08541666666666667 0.061407407407407404
1 0.5001197916666666 0.21512037037037038 0.12831770833333334 0.14787037037037035
0 0.6485833333333333 0.08524999999999999 0.07911458333333334 0.05981481481481481
0 0.5722135416666667 0.08567592592592593 0.0765625 0.06437962962962963
1 0.49688541666666663 0.07013888888888889 0.07585416666666665 0.08508333333333333
1 0.42241666666666666 0.07340740740740741 0.06953125 0.08868518518518519
0 0.24816145833333333 0.3801388888888889 0.34396354166666665 0.13971296296296296
0 0.620421875 0.3968518518518519 0.3968802083333333 0.13792592592592592
1 0.29129687499999996 0.2038425925925926 0.12380729166666667 0.1459351851851852