0 0.43355208333333334 0.6252222222222222 0.23303645833333334 0.2729907407407407
0 0.47884375 0.31625925925925924 0.097859375 0.047824074074074074
0 0.20396354166666666 0.601462962962963 0.232234375 0.2634814814814815
0 0.29848958333333336 0.2906666666666667 0.09391666666666666 0.04831481481481482
0 0.6599739583333334 0.33555555555555555 0.10017187500000001 0.044703703703703704
0 0.39078124999999997 0.3018611111111111 0.09669791666666666 0.047685185185185185
0 0.7546406250000001 0.3413611111111111 0.09928125 0.051250000000000004
1 0.6650833333333334 0.24434259259259258 0.05711979166666667 0.0665462962962963
0 0.5666875 0.3250185185185185 0.08985416666666667 0.043027777777777776
1 0.7265260416666667 0.25319444444444444 0.06283854166666666 0.06483333333333333
1 0.889203125 0.649824074074074 0.22159374999999998 0.32100925925925927
1 0.6645104166666667 0.6422314814814815 0.23638020833333334 0.3057314814814815