1 0.12421875 0.17083333333333334 0.115625 0.1675925925925926
1 0.26979166666666665 0.18009259259259258 0.125 0.15185185185185185
1 0.47890625 0.1962962962962963 0.14270833333333333 0.15092592592592594
1 0.61796875 0.20046296296296295 0.13489583333333333 0.15
0 0.7518229166666667 0.21805555555555556 0.146875 0.11388888888888889
0 0.90078125 0.22962962962962963 0.1515625 0.1175925925925926
0 0.5953125 0.3699074074074074 0.3984375 0.14907407407407408
0 0.21979166666666666 0.36064814814814816 0.3494791666666667 0.12962962962962962
1 0.39817708333333335 0.049074074074074076 0.078125 0.09814814814814815
1 0.47291666666666665 0.04583333333333333 0.07552083333333333 0.09166666666666666
0 0.546875 0.058333333333333334 0.07239583333333334 0.06296296296296296
0 0.6244791666666667 0.05787037037037037 0.08072916666666667 0.058333333333333334
0 0.7013020833333333 0.05925925925925926 0.078125 0.05555555555555555
0 0.7815104166666667 0.05787037037037037 0.08177083333333333 0.053703703703703705
0 0.86640625 0.0587962962962963 0.08802083333333334 0.058333333333333334