0 0.40598958333333335 0.5648148148148148 0.3984375 0.13055555555555556
0 0.25442708333333336 0.7087962962962963 0.14895833333333333 0.10185185185185185
0 0.775 0.5828703703703704 0.3375 0.13240740740740742
1 0.39296875 0.7324074074074074 0.1296875 0.14351851851851852
1 0.7364583333333333 0.7523148148148148 0.12760416666666666 0.16111111111111112
1 0.5260416666666666 0.7375 0.13802083333333334 0.1361111111111111
0 0.10494791666666667 0.7064814814814815 0.16041666666666668 0.10925925925925926
0 0.4578125 0.8708333333333333 0.08020833333333334 0.06481481481481481
1 0.5307291666666667 0.888425925925926 0.07552083333333333 0.09814814814814815
1 0.6046875 0.8902777777777777 0.07552083333333333 0.10185185185185185
1 0.8794270833333333 0.7606481481481482 0.12291666666666666 0.16666666666666666
0 0.3828125 0.8694444444444445 0.07916666666666666 0.06111111111111111
0 0.3059895833333333 0.8736111111111111 0.0859375 0.06481481481481481
0 0.225 0.875462962962963 0.0890625 0.06574074074074074
0 0.14036458333333332 0.8763888888888889 0.09010416666666667 0.06759259259259259