0 0.4402007878359502 0.5608250039100414 0.19693938534376154 0.5800156512233118 0.10504063329115679 0.8486846550438898 0.8960906314768734 0.7783190263155089 0.6681456436675332 0.5384358763344208
0 0.2502921591192156 0.4120365329397434 0.5480538031907702 0.4133109661259584 0.5743699900505286 0.4571031380668947 0.22897027091878866 0.47899922403736267
0 0.2659773804561398 0.3636798201071504 0.24952978625613795 0.41258108768406926 0.5472313828235453 0.4133109661259585 0.4995333506086015 0.35857076456409853
1 0.16852532534111508 0.29380538060466965 0.16482461438737997 0.232496339887359 0.17510437205605467 0.18797428950453365 0.19689744265308431 0.18359507231044 0.23801644321132015 0.18870416794642275 0.252408106959111 0.21497947111098448 0.26268787968601703 0.25001320866373344 0.2622766695024046 0.29380538060466965 0.2515857468248117 0.30621315374506136 0.15560896596090273 0.30056185924703105
1 0.2520790403923432 0.30579363766449963 0.2643176892126158 0.2873976231145329 0.2781746410511174 0.22538718645415762 0.28461519391633566 0.19490161186171512 0.3302845687787923 0.19524803361973178 0.34258016970329985 0.23577999777637343 0.34492218892701554 0.3106082392963272
1 0.15744806612160214 0.29997050308252493 0.03567944184268165 0.3030439444613037 0.05168324225383092 0.17763735556377777 0.06144164615627914 0.17105523749752863 0.13580075650925336 0.1831801829829023 0.15746443432862384 0.23410495846175977 0.1687842034396171 0.2933439829983898
0 0.344405279575318 0.309463721985959 0.42972093969799013 0.3102607528482141 0.40143207572945516 0.289139310948093 0.34350720891704034 0.28913931094809303
0 0.4292919177228408 0.30966824006505134 0.5029127939295912 0.31344890548555465 0.47956325280572676 0.29631263249086925 0.4241080720815934 0.29192894085722604
1 0.6338090654796823 0.3283290033570971 0.6312489781088688 0.29202707640978715 0.6478630797374536 0.21869979560897485 0.7531605817913056 0.22268496816295053 0.7792043020020748 0.240618272019891 0.7670805125549679 0.2756878561685969 0.7594469941794286 0.33387145207598173 0.7567528150925238 0.3561884475665654 0.6714371467478697 0.3518047559329222
0 0.672341281723725 0.35273153996977236 0.7549567066638968 0.3797009966476119 0.7863887850484753 0.37890396578535673 0.7706727458561861 0.35379734038564004
1 0.7526391869036179 0.37856951991260496 0.7603450648377063 0.3259010996709504 0.7679785667692814 0.27050711178145853 0.787960384034515 0.21830126923222726 0.8903391893368929 0.22308348359407804 0.9464679312767165 0.23782864940783804 1 0.30358408958620653 0.9997311233554955 0.41477058809339784 0.8259565722501435 0.41357503450293515