0 0.25376605936618524 0.8869721922866509 0.9041528995743191 0.7128104460997877 0.6776877942648083 0.5492142112344284 0.2484575581722136 0.6228325233428476
0 0.2415207462330662 0.4648036432851664 0.525567496614139 0.43708984751088487 0.5711932163214812 0.47428361247608475 0.24640569391521003 0.525275081807083
0 0.235332124900199 0.4114113015189981 0.4622266844121887 0.38798915622495694 0.5240748822376968 0.4359811021603044 0.24051947521273975 0.46357648892292375
1 0.08281923817064624 0.3653139986306461 0.10260859901555383 0.3472362131711054 0.09720111456067751 0.27644805858994004 0.10700220334158193 0.23925430460922908 0.17391992557901703 0.2380544798726843 0.19419799847318747 0.2698491708295437 0.19622580823795827 0.33763781299954704 0.18946645885774716 0.36403338601011037
1 0.08363047692984599 0.3667545393459071 0.00020421827139898745 0.3694324819874287 0.0008801507340663601 0.232655383895366 0.059010689072982465 0.2398541785317904 0.07928878672069008 0.2854465518854706 0.10227063897260442 0.34843600495418353
1 0.18946645885774718 0.36643299154524445 0.19622580823795827 0.335838114340441 0.22427718490179951 0.24165387719089645 0.27260665921334837 0.24045408540781832 0.2830836433266144 0.27944754903212427 0.2905189622997987 0.35923419690882
0 0.2888738830073824 0.35162886183566666 0.2871677137993256 0.3317474687771392 0.3513817061860911 0.32934786324200516 0.3669282394648213 0.3443453593908818
0 0.41988894261814186 0.32930048074912116 0.44905453493803715 0.34614505804998785 0.368280104390156 0.34554515117395995 0.35171966622904055 0.32934786324200516
0 0.4211058007569415 0.32930048074912116 0.4946802546453791 0.32634837279982093 0.5217177016732979 0.34194575385574777 0.44635078033383047 0.34614505804998785
0 0.9161861374995334 0.4630344464283636 0.9996643226516213 0.43063982662649847 1 0.41684214422967775 0.9215936467079467 0.3964455521034828 0.7695079143501398 0.4126428400354376
0 0.6985494564032555 0.3876423797171916 0.6475013560441761 0.3688501873098413 0.7147570507013292 0.36345109133252307 0.7296276638941606 0.38384766148974026 0.6995484774655486 0.38684717390090223
1 0.7691926298492506 0.41201118642604817 0.699546219524515 0.38684715193192437 0.7079954186265474 0.29566242719354185 0.7255697864235855 0.235072568675474 0.8617710007061758 0.24467095786254353 0.8925261072206868 0.28486423523890536 0.9290266829865604 0.3082603178072845 0.9307165079548446 0.3598516720453331 0.9202395238415785 0.39584564522745486