1 0.796 0.339 0.08714285714285715 0.27
1 0.6927571428571428 0.3467 0.08571428571428572 0.238
1 0.5914285714285714 0.331 0.08857142857142856 0.242
1 0.4940714285714286 0.336 0.09142857142857143 0.24
1 0.3892857142857143 0.335 0.08714285714285715 0.246
1 0.3017142857142857 0.33886 0.08714285714285715 0.242
1 0.20468571428571428 0.3297 0.08428571428571428 0.232
1 0.8843857142857143 0.335 0.08571428571428572 0.246
0 0.10678571428571429 0.6205 0.095 0.27696
0 0.7847571428571429 0.61982 0.0938 0.25695999999999997
0 0.6905 0.62186 0.095 0.26195999999999997
0 0.5914285714285714 0.62502 0.09857142857142857 0.27027999999999996
0 0.49402857142857143 0.6139 0.09975714285714285 0.26696
0 0.39964285714285713 0.62266 0.09737142857142857 0.26862
0 0.29917142857142853 0.62066 0.09737142857142857 0.27527999999999997
0 0.1912 0.6038600000000001 0.09618571428571428 0.26530000000000004
0 0.8819142857142858 0.6245599999999999 0.095 0.26530000000000004
1 0.9622714285714287 0.34462 0.07545714285714286 0.2485
1 0.06695188492063502 0.2204224565294054 0.1605073541732924 0.22665763205391368 0.1552171302596372 0.4432048963368571 0.053379666066256215 0.4283982683807517