1 0.42558571428571434 0.598 0.15857142857142856 0.328
1 0.8457142857142858 0.589 0.20285714285714285 0.298
1 0.22232857142857143 0.59434 0.21714285714285714 0.314
1 0.6478571428571429 0.625 0.17285714285714285 0.302
1 0.4577142857142857 0.41578 0.14677142857142855 0.18280000000000002
1 0.5791000000000001 0.42113999999999996 0.17484285714285713 0.1658
1 0.7687428571428572 0.40864 0.14015714285714287 0.2008
1 0.9308857142857143 0.38877999999999996 0.1216142857142857 0.21681999999999998
1 0.3055 0.40346 0.17437142857142857 0.21080000000000002
1 0.14259999999999998 0.38677999999999996 0.1361 0.20082
1 0.06274285714285714 0.6121599999999999 0.12548571428571428 0.25868
1 0.1437857142857143 0.14036 0.10991428571428571 0.10396
1 0.24997142857142857 0.14154 0.12390000000000001 0.0783
1 0.36765714285714285 0.1372 0.1315285714285714 0.09029999999999999
1 0.48151428571428573 0.13588 0.12035714285714286 0.10296
1 0.5953142857142858 0.14004 0.10990000000000001 0.09129999999999999
1 0.7128 0.1382 0.11634285714285714 0.09164
1 0.8216 0.13854 0.13158571428571428 0.09096
1 0.9427857142857143 0.13536 0.11208571428571427 0.09398000000000001
1 0.0393 0.14936000000000002 0.0786 0.08596