1 0.46714285714285714 0.69 0.14 0.324
1 0.6139714285714285 0.449 0.13142857142857142 0.23
1 0.7813285714285714 0.69186 0.15428571428571428 0.276
1 0.30857142857142855 0.659 0.14857142857142858 0.274
1 0.6237571428571429 0.694 0.14285714285714285 0.252
1 0.3507857142857143 0.44156 0.13714285714285715 0.172
1 0.7330285714285715 0.47044 0.15982857142857143 0.18012
1 0.8605285714285714 0.47478 0.13802857142857144 0.15478
1 0.9663142857142857 0.46277999999999997 0.06737142857142857 0.18878
1 0.22914285714285715 0.4671 0.10347142857142858 0.19344
1 0.11164285714285715 0.45827999999999997 0.10277142857142857 0.18778
1 0.15675714285714287 0.70636 0.1292 0.27796
1 0.9342857142857143 0.6932 0.1314142857142857 0.25764
1 0.4822142857142857 0.4811 0.12105714285714285 0.16544