1 0.11197916666666667 0.7615740740740741 0.049479166666666664 0.1388888888888889
1 0.23567708333333334 0.7384259259259259 0.046875 0.1111111111111111
1 0.3020833333333333 0.7430555555555556 0.059895833333333336 0.13425925925925927
1 0.3704427083333333 0.7245370370370371 0.05078125 0.12037037037037036
1 0.4752604166666667 0.6944444444444444 0.078125 0.125
1 0.53515625 0.6736111111111112 0.052083333333333336 0.09259259259259259
1 0.646484375 0.6539351851851852 0.07682291666666667 0.11342592592592593
1 0.8391927083333334 0.6122685185185185 0.06901041666666667 0.10416666666666667
1 0.8756510416666666 0.5752314814814815 0.048177083333333336 0.09953703703703703
1 0.93359375 0.5613425925925926 0.044270833333333336 0.09953703703703703
0 0.9053955078125 0.5577594545152452 0.8835461062975453 0.5668080038189032 0.9278106718695499 0.6207927557727625 0.9460372576933165 0.6053685328594995
0 0.6835205078125 0.6114631582189489 0.6483363135256045 0.6238775777613661 0.6882612581857604 0.7025409621091769 0.7299220257829412 0.691744056906503 0.6882612581857604 0.6223351385245031
0 0.6033121744791666 0.6410927878485786 0.5519958520264105 0.6516411451141662 0.5979963041047264 0.7580682097850217 0.6466004905885796 0.7380166691611696
0 0.4418538411458333 0.67257426933006 0.3801451856880399 0.6840319736924326 0.4096548748796141 0.8012559435659622 0.47561779928800796 0.7889165426413028
0 0.2082945193496693 0.7133379802820957 0.14580336795389812 0.716422745785577 0.14059577200425055 0.8506134342943548 0.20569072137484548 0.8429012945951623
0 0.0897705078125 0.7170187137745044 0.04512315840428247 0.716422745785577 0.018217267187532058 0.8552406955198215 0.07550082263365561 0.8567830782715621
0 0.006934163819724433 0.7195076242593029 0.0459911334420814 0.7210500070110436 0.018217267187532044 0.8536981997978361 0 0.8583254610233029