1 0.11197916666666667 0.75 0.041666666666666664 0.12037037037037036
1 0.234375 0.7407407407407407 0.044270833333333336 0.10648148148148148
1 0.3040364583333333 0.7326388888888888 0.045572916666666664 0.12731481481481483
1 0.3697916666666667 0.7361111111111112 0.059895833333333336 0.1527777777777778
1 0.484375 0.6921296296296297 0.07552083333333333 0.1388888888888889
1 0.6009114583333334 0.6643518518518519 0.07942708333333333 0.1388888888888889
0 0.04512315840428247 0.7256772682365102 0.0025944793385892988 0.7287621467102363 0 0.8521558170460953 0.019085210440687738 0.8552406955198215
0 0.0911236104825984 0.7133379802820957 0.04165144896094626 0.7256772682365102 0.017349355719019646 0.8614103394970287 0.07723670913996698 0.8567830782715621
0 0.20569072137484548 0.708710719056629 0.1484071659287219 0.716422745785577 0.1379919740294268 0.8506134342943548 0.20482280990633306 0.8475285558206287
0 0.4391646276404748 0.6639804895537031 0.38188107219435125 0.6824895344555697 0.4122586728544379 0.8089680832651549 0.47561779928800796 0.7981710650922362
0 0.5459203446082505 0.650098705877303 0.5033916019732708 0.6593532283282364 0.5381089506837792 0.7734923762131622 0.59192073311728 0.7580682097850217
0 0.6428955078125 0.6281298248856156 0.6127511169158704 0.6439290619000958 0.6466004905885796 0.7395590519129103 0.6969406271480308 0.7256772682365102
0 0.6835205078125 0.62257426933006 0.6448646676515549 0.6362169222009031 0.6960726521102318 0.7272197639584956 0.7386013947452116 0.7102531018083696
0 0.8376871744791666 0.5799816767374675 0.8089039400654541 0.5884019271944958 0.8523005305996597 0.6439290619000958 0.8766026874108729 0.6331321002122995
0 0.8627157224989549 0.5698928822926292 0.8392815407255407 0.5822322267321662 0.8809423083227215 0.6346745394491624 0.9026406671591107 0.6223351385245031
0 0.8852820563731431 0.5652656210671625 0.8618478745997289 0.5729777042812328 0.9009048442220859 0.6223351385245031 0.9226030759199022 0.6130806160735698
0 0.9043764900961356 0.5590959206048329 0.8861499042723691 0.5714352650443699 0.9226030759199022 0.6177078772990365 0.9399618138444429 0.6007412716340328
0 0.9304144698443736 0.5560110986162293 0.9043764900961356 0.5652656210671625 0.9416976367814677 0.6084533548481031 0.9599242226052342 0.5930291884199625