0 0.9191314300458525 0.5467565761652959 0.8983010462472621 0.560638359841696 0.9460372576933165 0.6099957940849662 0.9607921976430334 0.5945715711717032
0 0.8585205078125 0.5707224174782082 0.9009048442220859 0.6254200169982291 0.9260748489325249 0.6146230553104327 0.8809423083227215 0.5637231818302996
0 0.9001871744791666 0.5596113063670971 0.8809423083227215 0.5668080038189032 0.9234710509577011 0.6146230553104327 0.9408296617436688 0.6038260936226365
0 0.8585205078125 0.5670187137745045 0.8340739447758931 0.5791474047435626 0.8792064853856966 0.6393018006746292 0.9078482631087584 0.6254200169982291
0 0.8012288411458334 0.5892409359967267 0.834941919813692 0.5791474047435626 0.8809423083227215 0.6362169222009031 0.8540364806752575 0.6470138838886994
0 0.6448357161458017 0.6318335285893193 0.6811879872053999 0.6192503165358995 0.741943188525573 0.7102531018083696 0.6942069770795187 0.7287621467102363
0 0.5990023828124684 0.6466483434041341 0.651678234444539 0.7488135743638435 0.7002824209283922 0.722592502733029 0.63865924457042 0.6300472782236958
0 0.5475263154515871 0.650098705877303 0.5996022749480631 0.6408441834263698 0.6508103229760266 0.7457288088603623 0.5961305655047268 0.7611529752885029
0 0.4917107161458018 0.6596113063670971 0.5457904925145622 0.6485563231255624 0.5978664520110382 0.7626954710104883 0.5379790985900909 0.7781196374386289
0 0.43858571614580183 0.6670187137745045 0.4937145330180864 0.6531835843510291 0.5457904925145622 0.781204515912355 0.4772237701313447 0.7920014211150288
0 0.3823357161458018 0.6873890841448749 0.4425064849901228 0.6747774512414993 0.47548794719431975 0.7981710650922362 0.4086571113174135 0.8074255875431696
0 0.3229607161458018 0.6910927878485785 0.38348710660697444 0.6871167956810363 0.41039299782372485 0.8089680832651549 0.3426942504783061 0.8228498669415549
0 0.26150238281246846 0.7040557508115415 0.3218638666797157 0.6979137008837103 0.3435621619468185 0.8290195109187621 0.2689199957147273 0.8321043893924883
0 0.2052523828124685 0.7077594545152452 0.26544822270210455 0.705625840582903 0.2741275916643749 0.8382740333696955 0.20208915983782105 0.8429012945951623
0 0.15004404947913516 0.7133150100708008 0.2055608692811573 0.7102531018083696 0.2055608692811573 0.8475285558206287 0.13786212193573852 0.8521558170460953
0 0.09620135433855778 0.7195076242593029 0.1500132003413451 0.7195076242593029 0.13786212193573852 0.8521558170460953 0.07450305907145492 0.8583254610233029
0 0.0449933380952375 0.722592502733029 0.09533344287004535 0.7210500070110436 0.07623891379312306 0.8521558170460953 0.01895535834699952 0.8536981997978361