1 0.412109375 0.7013888888888888 0.06380208333333333 0.14351851851851852
1 0.4739583333333333 0.6805555555555556 0.06510416666666667 0.12962962962962962
1 0.5364583333333334 0.6840277777777778 0.08333333333333333 0.11342592592592593
1 0.58984375 0.6608796296296297 0.06770833333333333 0.14583333333333334
1 0.6399739583333334 0.6550925925925926 0.06640625 0.1111111111111111
1 0.6888020833333334 0.6354166666666666 0.09114583333333333 0.12731481481481483
1 0.8326822916666666 0.5868055555555556 0.061197916666666664 0.10416666666666667
1 0.8606770833333334 0.5694444444444444 0.041666666666666664 0.0787037037037037
1 0.892578125 0.5717592592592593 0.053385416666666664 0.08796296296296297
1 0.9153645833333334 0.5578703703703703 0.036458333333333336 0.08333333333333333
1 0.939453125 0.5567129629629629 0.045572916666666664 0.08101851851851852
0 0.0033121744791666666 0.7244261211819119 0.045991133442081396 0.7256772682365102 0.016481412465863963 0.8583254610233029 0 0.8536981997978361 0.006934163819724433 0.7256772682365102
0 0.0428955078125 0.7281298248856156 0.0945953199259346 0.7241348854847697 0.07463291116514317 0.8598679567452882 0.017349355719019653 0.8598679567452882
0 0.09497884114583334 0.7244261211819119 0.1475392544602095 0.7210500070110436 0.13885988549793923 0.8552406955198215 0.07636873410216807 0.8552406955198215
0 0.2053955078125 0.7151668619226527 0.1484071659287219 0.7195076242593029 0.13799197402942678 0.8506134342943548 0.20135110046299684 0.8459861730688881
0 0.26060384114583335 0.7096113063670971 0.20395489843782064 0.7133379802820957 0.2030869234000217 0.8475285558206287 0.27512535522657555 0.8336467721442289
0 0.3220621744791667 0.698500195255986 0.2612384538839442 0.7102531018083696 0.27252155725175176 0.8351891548959695 0.3445599890783057 0.8228498669415549
0 0.38143717447916664 0.6873890841448749 0.32286163024191633 0.6963713181319696 0.3402203045971705 0.8228498669415549 0.40965487487961416 0.8089680832651549