1 0.11848958333333333 0.7569444444444444 0.036458333333333336 0.14814814814814814
1 0.23828125 0.7291666666666666 0.052083333333333336 0.12037037037037036
1 0.470703125 0.6944444444444444 0.08203125 0.13425925925925927
1 0.5358072916666666 0.6666666666666666 0.045572916666666664 0.08796296296296297
1 0.6497395833333334 0.6712962962962963 0.06770833333333333 0.09722222222222222
1 0.69140625 0.6354166666666666 0.0703125 0.09027777777777778
1 0.8326822916666666 0.5983796296296297 0.040364583333333336 0.0763888888888889
1 0.87890625 0.5833333333333334 0.033854166666666664 0.07407407407407407
1 0.9153645833333334 0.5729166666666666 0.033854166666666664 0.0763888888888889
1 0.9368489583333334 0.5486111111111112 0.037760416666666664 0.07407407407407407
0 0.0428955078125 0.7299816767374675 0.0911236104825984 0.733389407935703 0.07897253207699187 0.8598679567452882 0.019085210440687752 0.8552406955198215
0 0.15272685532698393 0.716535158658066 0.20480281482346002 0.714607256436872 0.20588770415910057 0.8302842138529747 0.1451323915926759 0.8283563116317806
0 0.3257548014322917 0.7018289477736862 0.3393323503688202 0.8013649744989487 0.40659707841069614 0.7917251809785325 0.38272895679534735 0.6818320714332354 0.32414350236181183 0.6856880170828467
0 0.264556884765625 0.7018289477736862 0.3284832186275902 0.689543892128846 0.3458418453058795 0.812932670240559 0.2742374009982252 0.811004768019365
0 0.3843485514322917 0.6809956144403528 0.44456915869741276 0.6799041692120416 0.4760317440470694 0.7840134308865336 0.404427299739415 0.7820854580617282