0 0.159169921875 0.7655270863836018 0.130537109375 0.09616398243045389
1 0.6066455078125 0.803316251830161 0.1086083984375 0.09860907759882868
1 0.8481640625 0.8061713030746706 0.1033447265625 0.07663982430453879
0 0.113037109375 0.846420204978038 0.114208984375 0.11320644216691068
1 0.54939453125 0.8752781844802343 0.1014990234375 0.08474377745241582
1 0.7567138671875 0.8854538799414349 0.10599609375 0.07740849194729135
1 0.4742236328125 0.9480600292825768 0.110673828125 0.10175695461200586
1 0.6978271484375 0.9607906295754026 0.0956396484375 0.07841142020497804
1 0.200947265625 0.09752562225475842 0.0491455078125 0.06978770131771596
1 0.531201171875 0.11460468521229869 0.0618701171875 0.05513909224011713
1 0.6894091796875 0.12354319180087847 0.0603515625 0.06327232796486092
1 0.1477587890625 0.1381844802342606 0.0469384765625 0.07300878477306003
1 0.4717724609375 0.16501464128843338 0.0612841796875 0.058367496339677895
1 0.975556640625 0.16542459736456808 0.04888671875 0.06404831625183016
1 0.65005859375 0.18128111273792094 0.0521875 0.07135431918008785
1 0.1162841796875 0.20607613469985359 0.062109375 0.07703513909224012
1 0.5914453125 0.21624450951683746 0.0586572265625 0.0632064421669107
1 0.4375830078125 0.21624450951683746 0.0666845703125 0.07295754026354319
1 0.96484375 0.23738653001464127 0.063271484375 0.05668374816983895
1 0.045458984375 0.251207906295754 0.0604296875 0.09407759882869692
1 0.38412109375 0.27478770131771596 0.0606787109375 0.07292093704245974
1 0.61939453125 0.028814055636896048 0.052705078125 0.05763543191800879
1 0.5667529296875 0.29308931185944365 0.071123046875 0.06559297218155197
1 0.92630859375 0.3012152269399707 0.07736328125 0.07209370424597365
1 0.3377197265625 0.3243923865300146 0.0622705078125 0.06475841874084919
1 0.50705078125 0.33862371888726206 0.07759765625 0.06880673499267935
1 0.8896826171875 0.3642240117130307 0.08763671875 0.07287701317715958
1 0.2905029296875 0.37968521229868224 0.0654931640625 0.07773060029282577
1 0.8278125 0.39391654465592973 0.09193359375 0.07203513909224012
1 0.470146484375 0.40001464128843334 0.0601953125 0.0793484626647145
1 0.227001953125 0.43619326500732064 0.0621923828125 0.08826500732064421
1 0.4104443359375 0.45245973645680815 0.0644970703125 0.09150805270863836
1 0.9717529296875 0.4675036603221084 0.056494140625 0.07767203513909224
1 0.8033837890625 0.4902708638360176 0.0930078125 0.07441434846266472
1 0.1710986328125 0.5089677891654466 0.061064453125 0.09228404099560762
1 0.357802734375 0.5162884333821376 0.076396484375 0.08740117130307468
1 0.25060546875 0.054026354319180084 0.0562451171875 0.0657467057101025
1 0.953447265625 0.5431259150805271 0.0730322265625 0.053228404099560755
1 0.7442333984375 0.5451537335285505 0.100556640625 0.08169106881405563
1 0.0888720703125 0.5699560761346998 0.0604736328125 0.07435578330893118
1 0.71708984375 0.060937042459736454 0.06580078125 0.04541727672035139
1 0.2997265625 0.6150805270863836 0.0752783203125 0.09466325036603221
1 0.7181787109375 0.6171229868228404 0.100537109375 0.07432650073206443
1 0.9189990234375 0.621588579795022 0.1050146484375 0.08815519765739385
1 0.5626806640625 0.06256222547584186 0.0532080078125 0.04866764275256223
1 0.218046875 0.6634626647144949 0.0996435546875 0.10193997071742314
1 0.0606591796875 0.6675329428989751 0.0908349609375 0.0970571010248902
1 0.6647216796875 0.7020863836017569 0.0988671875 0.08972913616398243
1 0.8910400390625 0.7248535871156662 0.0957763671875 0.08971449487554904