0 0.5456799999999999 0.33435333333333334 0.040445 0.03981666666666667
0 0.49795249999999996 0.3540666666666667 0.042495 0.04258
0 0.66239 0.37711666666666666 0.0488675 0.03868
0 0.45648 0.37933666666666666 0.04205 0.05645
0 0.400215 0.40266 0.06451749999999999 0.06976333333333333
0 0.642595 0.41292999999999996 0.055097499999999994 0.07809
0 0.59945 0.43154 0.05299 0.06752333333333334
0 0.3379 0.43487 0.062387500000000005 0.08085
1 0.930455 0.43528 0.1390875 0.11944666666666666
0 0.26766500000000004 0.46541666666666665 0.06609000000000001 0.08638
0 0.5444325 0.46680333333333335 0.067955 0.08138333333333334
0 0.1976375 0.49651666666666666 0.054365000000000004 0.07747666666666667
0 0.48379 0.51234 0.0841675 0.11245333333333334
0 0.1361575 0.51873 0.0489025 0.08190333333333334
0 0.41043 0.56315 0.09245 0.15074333333333334
1 0.9292050000000001 0.593 0.1415875 0.15488666666666667
0 0.327695 0.6153566666666667 0.09947750000000001 0.16181
1 0.84563 0.66628 0.1877875 0.24816666666666667
0 0.23412 0.67672 0.1048275 0.17454999999999998
0 0.1388725 0.7119833333333333 0.086835 0.18841
1 0.7468475 0.8993233333333333 0.195215 0.20135333333333333
1 0.781845 0.3003266666666667 0.09186499999999999 0.09621
0 0.5873575 0.32269000000000003 0.028805 0.04315666666666667