1 0.68261 0.34048666666666666 0.07180750000000001 0.11458
0 0.07968 0.46236666666666665 0.0651225 0.048060000000000005
1 0.313925 0.49850666666666665 0.14318250000000002 0.15968666666666667
0 0.1046875 0.5481533333333334 0.1201825 0.11189333333333333
1 0.4366925 0.55377 0.1600125 0.23689666666666667
1 0.5371325 0.6619766666666667 0.187635 0.26177333333333336
0 0.16595249999999998 0.6650633333333333 0.14776 0.15344666666666665
0 0.2418375 0.8016733333333333 0.13776249999999998 0.19779333333333332
0 0.380835 0.84888 0.1433 0.1722233333333333
1 0.6090325 0.22995666666666667 0.048835 0.06229666666666666
1 0.657395 0.25162 0.07553499999999999 0.07453333333333333
0 0.716155 0.26243 0.039740000000000004 0.06374
1 0.5437975 0.26800666666666667 0.085905 0.09176333333333334
0 0.6107025 0.31934666666666667 0.053837499999999996 0.09203666666666667