0 0.23306749999999998 0.35684666666666665 0.046887500000000006 0.04591
0 0.755965 0.3754433333333333 0.0485175 0.07533333333333334
0 0.2591175 0.4118233333333333 0.053165 0.053656666666666665
0 0.8099400000000001 0.4170933333333333 0.03897 0.09863333333333332
0 0.3055925 0.46819 0.06362 0.07195
0 0.880385 0.4720766666666667 0.0448575 0.09526333333333334
0 0.3668725 0.5173433333333334 0.09283499999999999 0.08245999999999999
0 0.1263675 0.5231833333333333 0.06514249999999999 0.04857
0 0.9358200000000001 0.5253933333333334 0.04573 0.09523
0 0.13594499999999998 0.6048166666666667 0.059085 0.07407
0 0.427725 0.6242466666666666 0.0912225 0.11071
1 0.1680275 0.68976 0.17162 0.24174
0 0.5185925 0.74086 0.09629 0.13065333333333332
0 0.63446 0.8216633333333333 0.088045 0.16225666666666666
1 0.2311375 0.8225300000000001 0.19276249999999998 0.18813666666666665
0 0.7699349999999999 0.8430566666666667 0.08395749999999999 0.15722333333333333
0 0.38753750000000003 0.9128933333333332 0.113255 0.16800666666666667
1 0.4148 0.14330333333333334 0.053689999999999995 0.051050000000000005
0 0.433135 0.18162666666666666 0.030359999999999998 0.034363333333333336
0 0.4806575 0.20467 0.04373 0.041576666666666665
0 0.520045 0.22216666666666668 0.0383425 0.05765666666666667
0 0.5744400000000001 0.24632333333333334 0.0429675 0.060423333333333336
1 0.0809375 0.28325 0.09096 0.09094333333333333
0 0.6269600000000001 0.28381 0.0480075 0.07206333333333333
0 0.22848 0.3088066666666667 0.041049999999999996 0.03539
0 0.6784375 0.32545999999999997 0.053465000000000006 0.08869666666666666