1 0.4610775 0.34378666666666663 0.09289499999999999 0.09201333333333334
1 0.29227 0.34990333333333334 0.1169525 0.08200666666666667
1 0.49734249999999997 0.4096033333333333 0.09709000000000001 0.11361333333333333
1 0.30122750000000004 0.42486999999999997 0.1474025 0.12527333333333332
0 0.56486 0.4842966666666667 0.0938175 0.09081
0 0.33311 0.5042933333333334 0.088645 0.07524666666666667
1 0.6471975 0.54043 0.1593075 0.15470333333333333
1 0.37751999999999997 0.6197966666666667 0.19163 0.16625
0 0.7334974999999999 0.66853 0.1151725 0.14595333333333335
1 0.424605 0.7786200000000001 0.195865 0.18838333333333332
1 0.81243 0.7980466666666666 0.14574 0.20282666666666668
0 0.5321699999999999 0.88957 0.11086750000000001 0.17023666666666665
0 0.9014675 0.9040100000000001 0.0961325 0.13247333333333333
0 0.6755650000000001 0.9477766666666666 0.1443075 0.10444333333333333
1 0.24558000000000002 0.22466666666666665 0.09024750000000001 0.030446666666666667
1 0.382295 0.23299333333333333 0.08367749999999999 0.07376
1 0.2364075 0.26604 0.086905 0.05652333333333333
0 0.4054225 0.27715333333333336 0.0557675 0.043179999999999996
1 0.23557499999999998 0.32545999999999997 0.0852375 0.07536666666666667
0 0.40438 0.33046333333333333 0.047847499999999994 0.05203666666666667