0 0.2647475 0.3349066666666667 0.0585825 0.05425666666666667
0 0.1522025 0.34268333333333334 0.038494999999999994 0.03648
0 0.5285974999999999 0.34823333333333334 0.0812825 0.05424666666666667
0 0.7259575 0.3507366666666667 0.0685025 0.042583333333333334
0 0.219315 0.35768 0.0443725 0.053123333333333335
0 0.11135250000000001 0.37128666666666665 0.0384675 0.045893333333333335
0 0.162 0.38544666666666666 0.045587499999999996 0.04867
0 0.48379 0.39210666666666666 0.0841675 0.07532333333333334
0 0.7059500000000001 0.39266666666666666 0.06849 0.04977666666666667
0 0.118655 0.43265000000000003 0.068895 0.0653
0 0.6776074999999999 0.43542333333333333 0.07680500000000001 0.08862333333333333
0 0.4368975 0.4543066666666667 0.087885 0.07306
0 0.07176 0.46959 0.05761 0.06026333333333333
0 0.6169675 0.48151666666666665 0.1080225 0.09414666666666667
0 0.36165499999999995 0.5214933333333334 0.0932675 0.10969
0 0.56445 0.56871 0.12298999999999999 0.10852999999999999
0 0.27768 0.5851 0.12612 0.12905
0 0.49484249999999996 0.6747799999999999 0.11877 0.154
0 0.3956425 0.7569666666666667 0.145375 0.19171333333333332
1 0.3651975 0.15135666666666667 0.049485 0.04382333333333333
1 0.2862075 0.15163333333333331 0.029005 0.04771333333333333
1 0.24931999999999999 0.15996666666666665 0.03773 0.031046666666666667
1 0.32393500000000003 0.16579666666666668 0.051957500000000004 0.04603666666666667
1 0.25161500000000003 0.20995 0.039817500000000006 0.037676666666666664
0 0.347065 0.22161333333333336 0.04572 0.03433666666666667
0 0.4006275 0.24549333333333334 0.0453425 0.04209666666666667
0 0.309965 0.24771333333333334 0.0215175 0.04653666666666667
0 0.6553 0.26076666666666665 0.03469 0.04264333333333334
0 0.2659925 0.26854333333333336 0.031072500000000003 0.024866666666666665
0 0.3564375 0.2715933333333333 0.04032 0.060956666666666666
0 0.22702250000000002 0.28714666666666666 0.0406325 0.03873666666666666
1 0.7490924999999999 0.28852333333333335 0.105625 0.10483
0 0.31747250000000005 0.2896433333333333 0.051535 0.05373
0 0.624875 0.29824666666666666 0.04884 0.07427333333333333
0 0.1884675 0.3149166666666667 0.0460225 0.034276666666666664
0 0.5761124999999999 0.3215766666666667 0.0713125 0.06093