1 0.58486 0.36265000000000003 0.0771675 0.18753
0 0.674275 0.40098 0.0801375 0.13974
1 0.09948 0.4082366666666667 0.0838925 0.13460333333333332
1 0.7666000000000001 0.41375 0.0822875 0.17861000000000002
1 0.12719750000000002 0.42878666666666665 0.0751625 0.10907666666666667
1 0.17076249999999998 0.42907333333333336 0.0780975 0.11631
1 0.8618425 0.42930333333333337 0.07527249999999999 0.14972000000000002
1 0.2093075 0.47601333333333334 0.102745 0.17465666666666668
1 0.2907925 0.5206500000000001 0.099895 0.22908
1 0.38395 0.5548000000000001 0.1020475 0.2207366666666667
0 0.5181699999999999 0.5925666666666667 0.1054725 0.2540233333333333
1 0.664685 0.62838 0.129335 0.2934333333333333
1 0.7966175 0.6764166666666667 0.11732250000000001 0.33061
0 0.455435 0.13608333333333333 0.0224575 0.032176666666666666
0 0.4100025 0.13775333333333334 0.0265925 0.033280000000000004
0 0.4769 0.14358333333333334 0.02289 0.03494333333333333
0 0.5581825 0.14469333333333334 0.0304525 0.03716333333333333
0 0.5102425 0.1508 0.0279225 0.029393333333333337
0 0.59736 0.15552 0.0288175 0.04882
0 0.6865625 0.17829333333333333 0.0322125 0.041030000000000004
0 0.3902025 0.18412333333333333 0.0194925 0.04935666666666667
0 0.35352 0.18550666666666665 0.0294775 0.05103
0 0.480445 0.19162 0.0274775 0.04768666666666667
0 0.5698475 0.20828000000000002 0.0354725 0.054340000000000006
0 0.63071 0.21549666666666667 0.0405075 0.06877333333333333
1 0.7347025 0.21716000000000002 0.041005 0.08321666666666667
0 0.68323 0.22688 0.038875 0.08154333333333333
1 0.8016074999999999 0.23659999999999998 0.057305 0.09097666666666666
1 0.23349 0.26800666666666667 0.0760675 0.09620666666666666
1 0.2312 0.2738433333333333 0.0939875 0.11453666666666668
1 0.35498 0.29213 0.09994249999999999 0.12426666666666666
0 0.2426425 0.3176866666666667 0.031075 0.07981333333333333
1 0.49274 0.32155999999999996 0.08628 0.14313
0 0.29183499999999996 0.32379 0.03276 0.09869333333333333
0 0.42897 0.32712 0.04703 0.11202