1 0.3611052631578947 0.057765486725663714 0.3128684210526316 0.09586283185840708
1 0.712 0.05285398230088496 0.266078947368421 0.05654867256637168
1 0.7046842105263157 0.16223451327433627 0.30410526315789477 0.09831858407079645
1 0.7397631578947369 0.31097345132743365 0.2865526315789474 0.07128318584070796
1 0.7295263157894738 0.44738938053097344 0.2894736842105263 0.06882743362831859
1 0.6842105263157895 0.5801327433628319 0.24560526315789474 0.08358407079646019
1 0.8245526315789473 0.7079646017699115 0.29823684210526313 0.0934070796460177
1 0.7383157894736843 0.8701991150442477 0.2953157894736842 0.07373893805309734
1 0.37573684210526315 0.33309734513274336 0.34210526315789475 0.07619469026548673
1 0.3567368421052632 0.46090707964601774 0.3333421052631579 0.0811283185840708
1 0.4035 0.5948893805309734 0.25147368421052635 0.07867256637168142
1 0.39473684210526316 0.7153318584070796 0.269 0.06882743362831859
1 0.4137368421052632 0.8812610619469026 0.24268421052631578 0.06637168141592921
0 0.5315303528708135 0.12709192566016173 0.1768952387891662 0.1277615944372206 0.1928419927550052 0.25507644506414323 0.5436694120318779 0.2550764450641432