1 0.3991315789473684 0.04424778761061947 0.35965789473684207 0.08849557522123894
1 0.75 0.030730088495575222 0.26023684210526316 0.061460176991150445
1 0.7470789473684211 0.15732300884955752 0.2894736842105263 0.0934070796460177
1 0.4181315789473684 0.3294026548672566 0.269 0.07867256637168142
1 0.3859736842105263 0.45353982300884954 0.30994736842105264 0.0811283185840708
1 0.7602368421052631 0.4351106194690265 0.269 0.08358407079646019
1 0.7266052631578948 0.5703097345132743 0.19589473684210526 0.0934070796460177
1 0.4386052631578947 0.5813716814159291 0.22807894736842105 0.07128318584070796
1 0.42981578947368426 0.7092035398230089 0.28071052631578947 0.07619469026548673
1 0.4371315789473685 0.8615929203539823 0.2836315789473684 0.09095132743362831
1 0.7792368421052632 0.8591371681415929 0.26023684210526316 0.06637168141592921
0 0.23487963516746413 0.11904687336732184 0.5795494989576797 0.11771042363371303 0.5835362239482513 0.25172607524546675 0.2247353546902352 0.24502527426063567
0 0.9286595394736842 0.24374518390634037 0.5835362239482513 0.24670048984371287 0.5974895424205799 0.3790408645249112 0.9283837747339378 0.377365710289312
0 0.6034695569082144 0.64874726063654 0.9224037602463041 0.6504224762196171 0.916423745758671 0.7810877580126944 0.5835362239482513 0.7710364645142306