0 0.6623177083333334 0.4396574074074074 0.259625 0.08052777777777778
0 0.805859375 0.6667685185185185 0.3719166666666667 0.22675925925925927
0 0.36904687500000005 0.4313796296296296 0.1359375 0.1352962962962963
0 0.7116510416666666 0.5240462962962963 0.29372395833333337 0.12367592592592593
1 0.5687760416666666 0.2605092592592593 0.13956249999999998 0.07301851851851852
1 0.08628125 0.29853703703703705 0.16973958333333333 0.07483333333333332
1 0.8335729166666667 0.1745925925925926 0.11053645833333332 0.050916666666666666
0 0.39890624999999996 0.27590740740740743 0.06783854166666667 0.045620370370370374
0 0.38971875 0.33323148148148146 0.08879166666666666 0.06790740740740742
0 0.6357447916666668 0.37889814814814815 0.23836979166666666 0.06231481481481481
0 0.30344270833333337 0.6715185185185185 0.278375 0.33787962962962964
0 0.5997760416666666 0.34030555555555553 0.18647395833333333 0.04723148148148148
0 0.03936979166666667 0.39605555555555555 0.07870833333333334 0.04538888888888889
0 0.5864947916666666 0.3085925925925926 0.15992708333333333 0.03140740740740741