1 0.8014010416666667 0.4419259259259259 0.17890625 0.17832407407407408
1 0.639828125 0.42967592592592596 0.149609375 0.14712037037037035
1 0.2903854166666667 0.3655277777777778 0.070359375 0.09505555555555555
1 0.21352083333333333 0.3448240740740741 0.0923125 0.09835185185185186
0 0.15053124999999998 0.36925 0.04346354166666667 0.04173148148148148
0 0.07764062499999999 0.3378888888888889 0.06688541666666666 0.029962962962962962
0 0.119796875 0.3496944444444445 0.052270833333333336 0.03292592592592593
1 0.94553125 0.4621574074074074 0.10893749999999999 0.1479537037037037
0 0.135650634765625 0.6300696885144269 0.2970206332779334 0.6933997671748454 0.009517887250067088 0.9363213777486601 0 0.716535158658066 0.14730224972556522 0.6278495383747955
0 0.009481241325218607 0.9556009647894933 0.3523146148564826 0.9980158021063228 0.5042027770801322 0.7763016101909228 0.2926441916256986 0.6876159193040403 0.018160514933559243 0.9324655733062724
0 0.5096273032199428 0.7936532950105617 0.34905986738795286 1 0.7917055231079985 1 0.811234007919177 0.9054742361734409