1 0.38790625 0.40861111111111115 0.072953125 0.08997222222222222
0 0.3073020833333333 0.7245925925925926 0.43096354166666667 0.16028703703703706
1 0.310546875 0.41135185185185186 0.08374479166666667 0.08368518518518518
1 0.2313125 0.41428703703703706 0.08192708333333334 0.08276851851851852
0 0.6952708333333334 0.7017777777777777 0.35036458333333337 0.12587962962962962
0 0.1586510416666667 0.5766666666666667 0.15008854166666669 0.09387037037037037
0 0.30086979166666666 0.5746666666666667 0.13898437500000002 0.09385185185185185
0 0.43098437500000003 0.5699537037037037 0.13283854166666667 0.0944537037037037
0 0.6702291666666667 0.5692314814814815 0.11625520833333333 0.10096296296296296
0 0.7852083333333333 0.5721666666666667 0.11292708333333333 0.09646296296296297
0 0.5505416666666666 0.5723518518518519 0.12028645833333333 0.0870462962962963
0 0.8946510416666666 0.5655925925925926 0.100734375 0.08835185185185185
1 0.7212395833333333 0.42442592592592593 0.08189583333333333 0.08175925925925925
1 0.816953125 0.4253425925925926 0.07831770833333333 0.09060185185185185
0 0.14749479166666665 0.4200925925925926 0.08434375 0.07285185185185186