1 0.18361458333333333 0.40235185185185185 0.1441875 0.15243518518518517
0 0.31661979166666665 0.36419444444444443 0.132609375 0.12311111111111112
1 0.5711979166666666 0.25849074074074074 0.13733333333333334 0.15414814814814815
0 0.44388541666666664 0.31807407407407406 0.12961979166666668 0.1186574074074074
0 0.6921927083333334 0.23774074074074072 0.09903645833333334 0.11437037037037037
0 0.056046875 0.46664814814814815 0.11209895833333333 0.12191666666666666
0 0.8073697916666667 0.19958333333333333 0.09874479166666666 0.09252777777777778
0 0.8960312500000001 0.15713888888888888 0.12106770833333333 0.07708333333333334
0 0.37649479166666666 0.18262962962962964 0.073875 0.06875925925925927
1 0.517921875 0.12080555555555555 0.07990625 0.0840462962962963
1 0.60003125 0.09017592592592592 0.085203125 0.09610185185185185
0 0.44621354166666666 0.16273148148148148 0.06748958333333334 0.06298148148148147
0 0.2991145833333333 0.20667592592592593 0.08008333333333333 0.06987037037037036
0 0.218484375 0.23791666666666667 0.08800000000000001 0.06389814814814815
0 0.139421875 0.2593333333333333 0.08503645833333334 0.06197222222222223