0 0.76640625 0.7657407407407407 0.4166666666666667 0.11851851851851852
0 0.35989583333333336 0.7981481481481482 0.41354166666666664 0.1287037037037037
0 0.07994791666666666 0.6671296296296296 0.12760416666666666 0.10833333333333334
0 0.22291666666666668 0.6574074074074074 0.13385416666666666 0.1
0 0.3541666666666667 0.6444444444444445 0.12708333333333333 0.10740740740740741
0 0.4817708333333333 0.6370370370370371 0.1265625 0.08611111111111111
0 0.60703125 0.6291666666666667 0.12604166666666666 0.09074074074074075
0 0.7260416666666667 0.6175925925925926 0.13333333333333333 0.09444444444444444
0 0.8515625 0.6148148148148148 0.13229166666666667 0.08055555555555556
0 0.21119791666666668 0.5046296296296297 0.07708333333333334 0.05925925925925926
1 0.12864583333333332 0.4962962962962963 0.09895833333333333 0.08518518518518518
1 0.28880208333333335 0.4962962962962963 0.07916666666666666 0.07037037037037037
1 0.36666666666666664 0.48055555555555557 0.07395833333333333 0.08333333333333333
1 0.4390625 0.47824074074074074 0.06979166666666667 0.08703703703703704