0 0.27421875 0.723046875 0.315625 0.42265625
0 0.53203125 0.692578125 0.2515625 0.40078125
1 0.76796875 0.61171875 0.3234375 0.4140625
0 0.45625 0.322265625 0.3 0.07890625
0 0.08203125 0.2296875 0.14375 0.0703125
0 0.19296875 0.23359375 0.1234375 0.059375
0 0.30234375 0.233203125 0.115625 0.05859375
0 0.403515625 0.23359375 0.10390625 0.0546875
0 0.504296875 0.233984375 0.09921875 0.05390625
0 0.60234375 0.231640625 0.1046875 0.05546875
0 0.69375 0.22890625 0.0921875 0.05625
1 0.162890625 0.104296875 0.08359375 0.08515625
0 0.23359375 0.1234375 0.08125 0.05
1 0.30390625 0.1078125 0.071875 0.078125
1 0.438671875 0.109765625 0.06328125 0.08203125
1 0.372265625 0.108203125 0.07109375 0.07890625
0 0.084375 0.121875 0.084375 0.059375