0 0.5496197916666666 0.6970648148148149 0.12580729166666668 0.09669444444444444
0 0.5756145833333334 0.8498425925925926 0.39973437500000003 0.12429629629629631
0 0.19678125 0.8690370370370369 0.35125 0.09514814814814815
1 0.06843229166666666 0.7172037037037038 0.13686458333333332 0.14845370370370373
0 0.175984375 0.7338425925925925 0.09781250000000001 0.1086574074074074
0 0.302671875 0.7243148148148149 0.11010416666666667 0.09072222222222223
0 0.42893229166666663 0.7056111111111111 0.11740624999999999 0.09751851851851852
0 0.67840625 0.6852870370370371 0.13510416666666666 0.09793518518518518
0 0.8206770833333333 0.6727407407407406 0.14242708333333332 0.0967962962962963
0 0.41512499999999997 0.5662222222222222 0.07571354166666668 0.06061111111111111
1 0.48511979166666663 0.5518518518518518 0.06946354166666667 0.07275
1 0.5558072916666668 0.539537037037037 0.07671875 0.07558333333333334
1 0.3404739583333333 0.5625925925925926 0.08725000000000001 0.0771388888888889
1 0.6278072916666667 0.5295 0.07346875 0.07552777777777778