0 0.5201197916666667 0.6812314814814815 0.12580729166666668 0.09669444444444444
0 0.5501510416666666 0.8285833333333333 0.4012760416666667 0.12840740740740741
0 0.17408333333333334 0.8443425925925926 0.34816145833333334 0.11709259259259258
1 0.05261458333333333 0.694574074074074 0.10522916666666667 0.16902777777777778
0 0.143578125 0.7173796296296296 0.09781250000000001 0.1086574074074074
0 0.270265625 0.7051111111111111 0.11010416666666667 0.09072222222222223
0 0.40527604166666664 0.6925 0.12408333333333334 0.099
0 0.6458437499999999 0.6679722222222222 0.13009375 0.09694444444444444
0 0.7819947916666667 0.6564166666666666 0.13797395833333334 0.0967962962962963
0 0.38801562500000003 0.5453796296296296 0.06625 0.06012037037037038
1 0.4573541666666667 0.5282129629629629 0.06946354166666667 0.07275
1 0.5276510416666667 0.5190277777777778 0.07358854166666666 0.07558333333333334
1 0.3143125 0.536861111111111 0.08223958333333334 0.09
1 0.5989687499999999 0.5142037037037037 0.0681875 0.07552777777777778