0 0.33970833333333333 0.71775 0.44684375000000004 0.13912962962962963
0 0.7363125 0.6971851851851852 0.3979479166666666 0.1298240740740741
0 0.20728125 0.5727314814814815 0.14024999999999999 0.1007962962962963
0 0.33615625 0.5705 0.14215625 0.09403703703703704
0 0.465546875 0.5654814814814815 0.13111458333333334 0.09029629629629629
0 0.593328125 0.5661018518518518 0.13201041666666666 0.09665740740740741
0 0.7225520833333333 0.5573796296296296 0.12646354166666668 0.0878425925925926
1 0.4250989583333334 0.3962407407407407 0.07678645833333334 0.09805555555555556
1 0.3497864583333333 0.3986851851851852 0.08491145833333333 0.09205555555555556
1 0.2735572916666667 0.40240740740740744 0.084015625 0.08877777777777777
1 0.11151562500000001 0.3901388888888889 0.09179166666666667 0.1073425925925926
0 0.1950625 0.4104351851851852 0.08652083333333334 0.06532407407407408
0 0.07479166666666666 0.5792407407407408 0.14958333333333332 0.10012037037037036
1 0.7618020833333333 0.39585185185185184 0.08067187499999999 0.10250925925925926
0 0.853390625 0.557537037037037 0.11063020833333333 0.09105555555555556