0 0.8799270833333334 0.6709907407407407 0.24014583333333334 0.2183888888888889
0 0.521484375 0.3958703703703704 0.13445312499999998 0.1287962962962963
0 0.8268489583333333 0.4123055555555556 0.28605729166666666 0.08501851851851851
1 0.2527083333333333 0.2730740740740741 0.16486458333333334 0.06460185185185185
0 0.17549479166666665 0.35939814814814813 0.19082291666666668 0.04473148148148148
0 0.8474583333333333 0.5018796296296296 0.28062499999999996 0.12475925925925926
0 0.5440833333333334 0.29885185185185187 0.08496354166666667 0.06627777777777778
0 0.8042447916666667 0.34778703703703706 0.2596458333333333 0.059666666666666666
0 0.5505572916666667 0.2442222222222222 0.06488541666666667 0.04480555555555556
1 0.7369114583333333 0.2238425925925926 0.15233333333333335 0.06913888888888889
0 0.7730885416666666 0.30621296296296296 0.21906770833333333 0.0470462962962963
0 0.4504114583333333 0.63125 0.2716614583333333 0.34285185185185185
0 0.11254166666666668 0.40744444444444444 0.13496875 0.04988888888888889
0 0.7540208333333334 0.2696574074074074 0.18186458333333333 0.03219444444444445
0 0.22210416666666666 0.31931481481481483 0.17930729166666665 0.03540740740740741
0 0.5528020833333334 0.2066574074074074 0.058395833333333334 0.034185185185185187