0 0.418234375 0.43889814814814815 0.12264583333333333 0.10953703703703703
0 0.8169270833333333 0.636962962962963 0.366140625 0.17233333333333334
0 0.7521406249999999 0.5126851851851852 0.2924322916666667 0.10358333333333333
1 0.13050520833333332 0.33924074074074073 0.18427083333333333 0.06967592592592593
0 0.6754947916666667 0.39278703703703705 0.24112499999999998 0.04639814814814815
0 0.6945364583333333 0.43916666666666665 0.23775520833333333 0.061453703703703705
1 0.8815208333333333 0.21975 0.11880208333333334 0.05266666666666667
0 0.3723645833333334 0.6338796296296296 0.22004166666666666 0.2891481481481481
0 0.4329791666666667 0.3585462962962963 0.09079166666666666 0.0582962962962963
1 0.6242604166666667 0.29035185185185186 0.14958333333333332 0.06862037037037037
0 0.064125 0.4197777777777778 0.12825520833333334 0.04152777777777778
0 0.8718333333333333 0.8416018518518518 0.25632812499999996 0.29033333333333333
0 0.4391666666666667 0.3149444444444444 0.07531249999999999 0.039481481481481485
0 0.648109375 0.3624907407407407 0.19140625 0.03216666666666667
0 0.6432968750000001 0.33335185185185184 0.177921875 0.026055555555555557
0 0.08120833333333333 0.3891851851851852 0.14407291666666666 0.030425925925925926