0 0.3808229166666666 0.3973240740740741 0.14191666666666666 0.13425925925925927
0 0.8000729166666667 0.6510092592592593 0.3998541666666667 0.21071296296296296
0 0.4046197916666667 0.24129629629629631 0.07990104166666666 0.04423148148148148
0 0.6377343750000001 0.35270370370370374 0.23585416666666664 0.05531481481481482
1 0.08777604166666667 0.26037037037037036 0.17554687500000002 0.08689814814814814
0 0.4031927083333333 0.2955740740740741 0.09667708333333333 0.0716574074074074
0 0.669375 0.4107222222222222 0.259859375 0.08037962962962963
1 0.589375 0.23094444444444442 0.15164583333333334 0.06795370370370371
0 0.7127552083333334 0.5015740740740741 0.28763020833333336 0.11861111111111111
1 0.8475260416666667 0.14716666666666667 0.11781770833333334 0.04937962962962963
0 0.29905208333333333 0.6311666666666667 0.2869114583333333 0.3496851851851852
0 0.06325520833333334 0.3144166666666667 0.12651041666666668 0.03924074074074074
0 0.61159375 0.3082962962962963 0.19233854166666667 0.04212037037037037
0 0.604046875 0.27396296296296296 0.18196874999999998 0.03098148148148148