0 0.3397604166666667 0.7606018518518519 0.44684375000000004 0.1315277777777778
0 0.7416510416666667 0.7419351851851852 0.3979479166666666 0.1298240740740741
0 0.20728125 0.6166296296296296 0.14024999999999999 0.1007962962962963
0 0.334703125 0.6163981481481482 0.14215625 0.09403703703703704
0 0.46261458333333333 0.6138981481481481 0.13111458333333334 0.09029629629629629
0 0.5884843750000001 0.6105648148148148 0.13201041666666666 0.09665740740740741
0 0.7114322916666667 0.6117777777777778 0.12646354166666668 0.0878425925925926
1 0.42433333333333334 0.44150925925925927 0.07678645833333334 0.09805555555555556
1 0.3494427083333333 0.44655555555555554 0.08491145833333333 0.09205555555555556
1 0.2721666666666666 0.44470370370370366 0.084015625 0.08877777777777777
1 0.11447395833333333 0.4333796296296296 0.09179166666666667 0.1073425925925926
0 0.191140625 0.45702777777777776 0.08652083333333334 0.06532407407407408
0 0.07479166666666666 0.6162777777777778 0.14958333333333332 0.10012037037037036
1 0.759140625 0.43648148148148147 0.07847916666666667 0.10250925925925926
0 0.852 0.6132777777777778 0.1050625 0.0915462962962963