1 0.175390625 0.14375 0.13515625 0.115625
0 0.28828125 0.167578125 0.1125 0.07109375
0 0.291015625 0.06484375 0.07890625 0.0546875
0 0.426953125 0.055859375 0.07421875 0.05234375
1 0.361328125 0.041796875 0.07109375 0.08359375
1 0.493359375 0.038671875 0.07109375 0.07734375
0 0.592578125 0.165234375 0.11171875 0.06171875
0 0.39140625 0.167578125 0.1 0.07265625
0 0.4890625 0.165234375 0.10625 0.06796875
0 0.69765625 0.159375 0.1125 0.0640625
0 0.80703125 0.15546875 0.1078125 0.0640625
0 0.64140625 0.255078125 0.29375 0.08515625
0 0.35 0.258203125 0.30625 0.08203125
0 0.47578125 0.627734375 0.25625 0.40078125
0 0.215625 0.64375 0.271875 0.3921875
0 0.716015625 0.637109375 0.24921875 0.38359375
1 0.90703125 0.591796875 0.1859375 0.46796875