0 0.19706770833333334 0.6807314814814815 0.23610416666666667 0.3827129629629629
0 0.4484166666666667 0.6821018518518518 0.28741145833333337 0.3799722222222222
0 0.702703125 0.6717222222222222 0.23406770833333335 0.3952314814814815
1 0.9011979166666666 0.6048518518518519 0.19760416666666666 0.5097777777777778
0 0.3493645833333333 0.3008425925925926 0.2987916666666666 0.06738888888888889
0 0.6399635416666667 0.2928703703703704 0.29319270833333333 0.06789814814814815
1 0.17357291666666666 0.18751851851851853 0.12383854166666668 0.10905555555555556
0 0.2956041666666666 0.21012962962962964 0.12163541666666666 0.060861111111111116
0 0.3922552083333333 0.2086388888888889 0.10836979166666666 0.06137962962962964
0 0.48994270833333337 0.20600925925925928 0.10483333333333333 0.055092592592592596
0 0.5920989583333333 0.20492592592592593 0.105703125 0.05663888888888889
0 0.6960468750000001 0.2003425925925926 0.10089583333333334 0.05633333333333334
0 0.8022812500000001 0.1915925925925926 0.10993229166666667 0.05736111111111111
1 0.06708854166666667 0.18592592592592594 0.09696354166666667 0.11894444444444445
0 0.29888020833333334 0.10287962962962963 0.07708854166666666 0.04901851851851852
1 0.3676197916666667 0.08649074074074074 0.06446354166666667 0.07498148148148148
0 0.431421875 0.09406481481481482 0.06671875 0.05838888888888889