0 0.21328125 0.08796296296296297 0.1046875 0.06759259259259259
1 0.08515625 0.08518518518518518 0.1421875 0.09907407407407408
0 0.31328125 0.08564814814814815 0.11927083333333334 0.07314814814814814
0 0.4192708333333333 0.0763888888888889 0.10989583333333333 0.0824074074074074
0 0.5231770833333333 0.06527777777777778 0.11770833333333333 0.06851851851851852
0 0.62734375 0.06527777777777778 0.1046875 0.06111111111111111
0 0.7286458333333333 0.05324074074074074 0.09895833333333333 0.06574074074074074
0 0.8302083333333333 0.046296296296296294 0.1015625 0.06851851851851852
0 0.2760416666666667 0.18796296296296297 0.3140625 0.09166666666666666
0 0.57734375 0.16944444444444445 0.2994791666666667 0.09537037037037037
0 0.14791666666666667 0.5949074074074074 0.253125 0.387037037037037
0 0.41119791666666666 0.5638888888888889 0.2625 0.4074074074074074
0 0.6609375 0.5361111111111111 0.23229166666666667 0.41944444444444445
1 0.8885416666666667 0.45740740740740743 0.22291666666666668 0.4638888888888889
0 0.9317708333333333 0.03611111111111111 0.09791666666666667 0.053703703703703705