1 0.07752083333333333 0.21750925925925926 0.09711979166666666 0.13665740740740742
1 0.18578645833333332 0.21133333333333335 0.12441666666666666 0.12431481481481481
1 0.37000520833333334 0.11582407407407408 0.0785 0.08419444444444445
0 0.3047083333333333 0.13665740740740742 0.08101041666666667 0.05452777777777778
0 0.2998385416666667 0.24374074074074076 0.11544270833333334 0.06601851851851852
0 0.40053125 0.23697222222222222 0.10078125 0.06584259259259259
0 0.49288020833333335 0.2341388888888889 0.10743229166666667 0.06326851851851852
0 0.3530260416666666 0.32725 0.2991770833333333 0.09001851851851851
0 0.6482604166666667 0.3110462962962963 0.3028385416666667 0.08230555555555556
0 0.20661458333333332 0.7115925925925926 0.31422916666666667 0.3895740740740741
0 0.46915104166666666 0.7015648148148149 0.2598229166666667 0.4014074074074074
0 0.726046875 0.6906759259259259 0.296953125 0.393
1 0.9010052083333334 0.6261111111111112 0.19798958333333333 0.5056574074074074
0 0.597140625 0.22471296296296295 0.114953125 0.06292592592592593
0 0.8012760416666667 0.2100462962962963 0.12796875 0.0730462962962963
0 0.6990416666666667 0.2165648148148148 0.10868229166666667 0.06892592592592592
0 0.4350729166666667 0.12503703703703703 0.07049479166666667 0.052833333333333336
1 0.63115625 0.09206481481481482 0.06719270833333332 0.08675925925925926
1 0.5657760416666666 0.1012037037037037 0.06686458333333332 0.08000925925925925
1 0.50121875 0.10968518518518518 0.066421875 0.07586111111111112