1 0.175078125 0.14369444444444443 0.13502604166666668 0.11522222222222223
0 0.2877708333333333 0.16758333333333333 0.1124375 0.07133333333333335
0 0.29102083333333334 0.06478703703703703 0.07839583333333335 0.054287037037037036
0 0.4265625 0.05583333333333333 0.07405729166666666 0.05262962962962963
1 0.36172916666666666 0.04198148148148149 0.07106770833333333 0.08395370370370371
1 0.49290104166666665 0.0385462962962963 0.07116145833333333 0.0770925925925926
0 0.5924270833333334 0.16516666666666666 0.11148437500000001 0.062037037037037036
0 0.39158333333333334 0.16767592592592592 0.09958854166666667 0.07224074074074073
0 0.48908854166666665 0.1653240740740741 0.10634375 0.06785185185185186
0 0.697359375 0.1594537037037037 0.11264062500000001 0.06424074074074074
0 0.80659375 0.15531481481481482 0.10779166666666667 0.06410185185185185
0 0.6412656250000001 0.2549444444444444 0.2939375 0.08546296296296296
0 0.35006770833333334 0.25822222222222224 0.3066770833333334 0.0817037037037037
0 0.47584895833333335 0.6275833333333333 0.25638541666666664 0.4002777777777778
0 0.21576041666666665 0.6438518518518519 0.27149999999999996 0.39181481481481484
0 0.71596875 0.6366296296296295 0.24916666666666665 0.383712962962963
1 0.9071458333333333 0.5923148148148148 0.18571354166666668 0.46829629629629627