1 0.3450052083333333 0.3718518518518519 0.07752604166666667 0.08387962962962964
0 0.264828125 0.6911203703703703 0.43636458333333333 0.12049999999999998
1 0.26517708333333334 0.37525925925925924 0.08374479166666667 0.0713425925925926
1 0.18160416666666668 0.3796666666666667 0.08339583333333334 0.06763888888888889
0 0.6459218750000001 0.656888888888889 0.35036458333333337 0.10804629629629629
1 0.77090625 0.3688981481481482 0.078640625 0.08750925925925926
1 0.6758697916666667 0.37226851851851855 0.077796875 0.08441666666666667
0 0.094640625 0.3882407407407408 0.09376041666666667 0.06974999999999999
0 0.11049479166666668 0.548712962962963 0.14409375000000002 0.10391666666666667
0 0.25394791666666666 0.5445462962962964 0.141734375 0.09828703703703705
0 0.39063020833333334 0.5377314814814815 0.13366145833333334 0.09385185185185185
0 0.5189114583333333 0.5328333333333334 0.121546875 0.0944537037037037
0 0.763390625 0.5149722222222222 0.09906770833333334 0.08648148148148149
0 0.8565781250000001 0.5077592592592592 0.0945 0.07678703703703704
0 0.6416354166666667 0.5200370370370371 0.122125 0.08583333333333333