0 0.5755208333333334 0.5763888888888888 0.2484375 0.4027777777777778
0 0.10911458333333333 0.12824074074074074 0.12708333333333333 0.075
0 0.22708333333333333 0.12685185185185185 0.1140625 0.08425925925925926
0 0.33359375 0.11851851851851852 0.1109375 0.07592592592592592
0 0.44140625 0.11527777777777778 0.10885416666666667 0.06851851851851852
0 0.5427083333333333 0.11018518518518519 0.10364583333333334 0.06666666666666667
0 0.48932291666666666 0.20324074074074075 0.2911458333333333 0.07685185185185185
0 0.18671875 0.22037037037037038 0.31927083333333334 0.08981481481481482
0 0.09947916666666666 0.6587962962962963 0.19895833333333332 0.41759259259259257
0 0.32421875 0.6259259259259259 0.2625 0.4148148148148148
1 0.8153645833333333 0.4824074074074074 0.31614583333333335 0.45
0 0.64140625 0.10046296296296296 0.1015625 0.07685185185185185