0 0.33190625 0.6777222222222222 0.43401562499999996 0.14351851851851852
0 0.7189583333333334 0.6296296296296297 0.34353645833333335 0.11316666666666667
0 0.18332291666666667 0.5330092592592592 0.16019791666666666 0.11197222222222222
0 0.3273229166666667 0.5181759259259259 0.1360833333333333 0.09053703703703704
0 0.45150520833333335 0.5132037037037037 0.12228645833333333 0.08675925925925926
0 0.578 0.5021388888888888 0.13106770833333334 0.08727777777777779
0 0.7081614583333333 0.4960555555555556 0.12383333333333332 0.08950925925925926
0 0.8383645833333334 0.49545370370370373 0.09797916666666667 0.08453703703703704
1 0.25469791666666663 0.3620277777777778 0.08689583333333334 0.08356481481481481
0 0.1696770833333333 0.36197222222222225 0.08255729166666666 0.08230555555555556
1 0.3349947916666667 0.35605555555555557 0.07734375 0.08007407407407408
1 0.4111875 0.34987962962962965 0.07155729166666666 0.08693518518518518