0 0.19021875000000002 0.820287037037037 0.37727083333333333 0.11496296296296296
0 0.5665 0.7751388888888888 0.38928124999999997 0.1270648148148148
0 0.6683177083333334 0.6175833333333334 0.13605729166666666 0.09626851851851852
0 0.5386354166666667 0.6336851851851851 0.12784895833333335 0.09657407407407408
0 0.4151875 0.646712962962963 0.12694791666666666 0.10849074074074075
0 0.28813020833333336 0.6647685185185186 0.11094791666666667 0.10565740740740741
0 0.15680208333333334 0.6837222222222222 0.104125 0.09378703703703704
1 0.06197916666666667 0.6715092592592593 0.12395312500000001 0.1481574074074074
1 0.47398437499999996 0.48864814814814816 0.07232291666666667 0.0812962962962963
1 0.543859375 0.4745092592592593 0.07427083333333333 0.07218518518518519
0 0.40555729166666665 0.5083333333333333 0.07218229166666666 0.06039814814814815
0 0.8134635416666666 0.5954907407407407 0.15343229166666666 0.09964814814814815
1 0.61665625 0.4603888888888889 0.0704375 0.07955555555555556
1 0.330046875 0.4976851851851852 0.080421875 0.08867592592592592