1 0.11083333333333334 0.5855 0.08739583333333334 0.13043518518518518
1 0.23042708333333334 0.5892037037037038 0.15289583333333334 0.13850925925925925
0 0.343078125 0.6278611111111111 0.09445833333333334 0.0805
0 0.4600677083333334 0.6362962962962964 0.10317708333333334 0.08348148148148148
0 0.5799166666666667 0.6390462962962963 0.11907291666666667 0.10075925925925926
0 0.7077864583333333 0.6435648148148148 0.13673958333333333 0.10496296296296297
0 0.8504114583333333 0.6514351851851852 0.14722916666666666 0.09292592592592593
1 0.7936458333333333 0.49260185185185185 0.07784895833333333 0.08231481481481483
1 0.7134791666666668 0.4913240740740741 0.08355208333333333 0.09061111111111111
0 0.568296875 0.5105462962962963 0.080109375 0.05528703703703704
1 0.6387239583333333 0.49375 0.07228645833333333 0.08392592592592593
0 0.36063541666666665 0.7658518518518519 0.35103125 0.11074074074074074
0 0.7437604166666667 0.7753796296296296 0.43702083333333336 0.1354351851851852