0 0.5045 0.3076111111111111 0.11351041666666667 0.10013888888888889
1 0.40356770833333333 0.28035185185185185 0.13173958333333333 0.15260185185185185
1 0.5095416666666667 0.14460185185185184 0.07034895833333334 0.07897222222222222
0 0.6151354166666666 0.30236111111111114 0.1120625 0.11016666666666668
0 0.8845364583333333 0.26010185185185186 0.154125 0.12425925925925925
1 0.7381822916666666 0.25148148148148153 0.13671875 0.17347222222222222
0 0.5679739583333333 0.1532037037037037 0.059125 0.06118518518518518
0 0.6350677083333333 0.1335648148148148 0.07839583333333335 0.05683333333333333
0 0.7122552083333333 0.10918518518518519 0.08314583333333332 0.06375
0 0.792015625 0.09274074074074073 0.089984375 0.06806481481481481
0 0.8793802083333334 0.07780555555555556 0.096 0.07201851851851852
0 0.520453125 0.4413888888888889 0.33407812499999995 0.12041666666666667