0 0.5784270833333333 0.5838148148148148 0.24890625 0.4080462962962963
1 0.291703125 0.07490740740740741 0.12301041666666666 0.11890740740740739
0 0.7612760416666667 0.18751851851851853 0.31955729166666663 0.07791666666666668
0 0.40320833333333334 0.1008425925925926 0.10869270833333333 0.07232407407407407
1 0.19154166666666667 0.07858333333333334 0.08963020833333334 0.11537037037037036
0 0.499515625 0.09881481481481481 0.09704166666666666 0.07226851851851851
0 0.6009739583333332 0.09537962962962963 0.104171875 0.06734259259259259
0 0.7074791666666667 0.09176851851851851 0.10902083333333333 0.06857407407407408
0 0.8208229166666666 0.08398148148148149 0.12120312500000001 0.06689814814814815
0 0.46181249999999996 0.1873240740740741 0.2913854166666667 0.07711111111111112
0 0.19432812500000002 0.1896574074074074 0.2502916666666667 0.07543518518518519
0 0.112296875 0.5555925925925925 0.19808333333333333 0.3655555555555556
0 0.33049999999999996 0.5731851851851851 0.25722395833333334 0.3885
0 0.8407395833333333 0.5954537037037038 0.30476041666666664 0.4196574074074074
0 0.9395572916666667 0.0791111111111111 0.12088541666666666 0.07659259259259259