0 0.28927604166666665 0.8073518518518519 0.4498333333333333 0.14762962962962964
0 0.6762395833333333 0.7619074074074074 0.347546875 0.13832407407407407
0 0.2861875 0.6539814814814814 0.14024999999999999 0.1007962962962963
0 0.41638020833333333 0.6413333333333333 0.132359375 0.09677777777777777
0 0.5387916666666667 0.62925 0.13111458333333334 0.09029629629629629
0 0.6625156249999999 0.6226296296296296 0.13201041666666666 0.09665740740740741
0 0.7925260416666667 0.6100648148148148 0.10375520833333333 0.0878425925925926
1 0.3658125 0.48760185185185184 0.07678645833333334 0.09805555555555556
1 0.29643749999999996 0.4816666666666667 0.08491145833333333 0.09205555555555556
1 0.21909895833333334 0.4853888888888889 0.084015625 0.08877777777777777
1 0.048942708333333335 0.48407407407407405 0.09179166666666667 0.1073425925925926
0 0.13519270833333333 0.5043888888888889 0.09860416666666666 0.06597222222222222
0 0.1345208333333333 0.6689999999999999 0.17009895833333333 0.11900000000000001
1 0.6982916666666666 0.4612222222222222 0.07115104166666668 0.09209259259259259