1 0.11274999999999999 0.19041666666666668 0.13091666666666668 0.12350925925925925
0 0.41931770833333337 0.6919907407407407 0.26190104166666667 0.39423148148148146
1 0.507421875 0.08611111111111111 0.06765625 0.07807407407407407
0 0.23542708333333331 0.21787962962962965 0.11238541666666667 0.06584259259259259
0 0.342640625 0.2152037037037037 0.10111458333333333 0.06297222222222222
0 0.4399270833333333 0.21037962962962964 0.10275520833333333 0.06337037037037037
0 0.5408437500000001 0.20337037037037037 0.10286458333333333 0.06653703703703703
0 0.6413645833333333 0.1985185185185185 0.10373437499999999 0.06463888888888888
0 0.7431770833333334 0.19358333333333333 0.10220833333333333 0.06418518518518518
0 0.5948541666666666 0.28397222222222224 0.2972447916666667 0.08621296296296296
0 0.3015833333333333 0.30189814814814814 0.30808854166666666 0.07823148148148147
0 0.15332812499999998 0.6969351851851853 0.26905208333333336 0.3841481481481481
0 0.6822343750000001 0.662537037037037 0.2606979166666667 0.39544444444444443
0 0.37669270833333335 0.10075925925925926 0.07183854166666667 0.05074074074074074
1 0.4419895833333333 0.08653703703703704 0.069125 0.08008333333333333
0 0.23747916666666666 0.10794444444444444 0.07714583333333333 0.0490925925925926
1 0.9030781250000001 0.5729537037037037 0.19384375 0.507712962962963
1 0.3107916666666667 0.08799074074074074 0.07194270833333333 0.08730555555555557
1 0.5709427083333334 0.07487037037037036 0.05946354166666667 0.09093518518518517