0 0.849546875 0.6876111111111111 0.3009010416666667 0.20919444444444446
0 0.8272708333333333 0.5323425925925925 0.3454583333333333 0.1209351851851852
0 0.43409375 0.6499444444444445 0.19259895833333335 0.34276851851851853
0 0.47484375 0.4164907407407407 0.11572916666666666 0.13202777777777777
0 0.11325 0.37030555555555555 0.181734375 0.04275
1 0.20042708333333334 0.2823425925925926 0.17269791666666665 0.08045370370370371
0 0.15019791666666665 0.3292592592592593 0.15982812500000002 0.033185185185185186
0 0.079671875 0.41130555555555554 0.15934375 0.06258333333333334
0 0.49243750000000003 0.3199722222222222 0.08352604166666668 0.07103703703703704
1 0.6876041666666667 0.2588796296296296 0.15938020833333333 0.06408333333333333
0 0.697421875 0.30144444444444446 0.18557291666666667 0.030370370370370367
0 0.7130729166666666 0.3337685185185185 0.20587499999999997 0.03921296296296296
0 0.7344010416666666 0.38190740740740736 0.23701041666666667 0.05633333333333334
0 0.762640625 0.4377407407407407 0.25722395833333334 0.08072222222222222
0 0.5011875 0.2649814814814815 0.067171875 0.046203703703703705
0 0.5079583333333333 0.22997222222222222 0.05697916666666667 0.031111111111111114