0 0.6416979166666666 0.5906759259259259 0.24890625 0.4080462962962963
0 0.19217708333333333 0.12964814814814815 0.12180729166666666 0.07232407407407407
1 0.06719270833333332 0.11287962962962962 0.13438020833333333 0.11537037037037036
0 0.30237499999999995 0.12967592592592594 0.10707291666666667 0.07637962962962963
0 0.4046041666666667 0.12624074074074074 0.11111458333333334 0.06871296296296296
0 0.50609375 0.11371296296296296 0.10902083333333333 0.06857407407407408
0 0.6090208333333333 0.1100462962962963 0.10345833333333333 0.06689814814814815
0 0.5544010416666667 0.20789814814814814 0.2913854166666667 0.07711111111111112
0 0.26107291666666665 0.2157222222222222 0.309703125 0.07543518518518519
0 0.13274479166666667 0.6330925925925927 0.24360937500000002 0.4190555555555555
0 0.3848958333333333 0.6088518518518518 0.26571354166666666 0.4077037037037037
1 0.8599635416666668 0.5350925925925926 0.28006770833333333 0.4114259259259259
0 0.7138697916666668 0.10105555555555555 0.10159375 0.07659259259259259