0 0.78046875 0.7300925925925926 0.42135416666666664 0.1388888888888889
0 0.24817708333333333 0.5513888888888889 0.12395833333333334 0.09074074074074075
0 0.33125 0.48518518518518516 0.08489583333333334 0.05
0 0.08567708333333333 0.5231481481481481 0.09739583333333333 0.03425925925925926
0 0.03463541666666667 0.5611111111111111 0.06927083333333334 0.044444444444444446
0 0.11119791666666666 0.49537037037037035 0.11666666666666667 0.026851851851851852
0 0.10729166666666666 0.6981481481481482 0.1375 0.21296296296296297
0 0.7557291666666667 0.6319444444444444 0.365625 0.08055555555555556
0 0.71875 0.5694444444444444 0.22604166666666667 0.05462962962962963
0 0.6916666666666667 0.5277777777777778 0.2046875 0.03981481481481482
0 0.67265625 0.49675925925925923 0.18333333333333332 0.030555555555555555