1 0.130328125 0.13546296296296298 0.13502604166666668 0.11522222222222223
0 0.24567708333333332 0.15675 0.11800520833333333 0.06886111111111111
0 0.2547552083333333 0.049694444444444444 0.07839583333333335 0.054287037037037036
0 0.3881354166666667 0.04475 0.07405729166666666 0.05262962962962963
1 0.322375 0.03512037037037037 0.07106770833333333 0.07024074074074074
1 0.45624479166666665 0.03347222222222222 0.06822916666666666 0.06528703703703705
0 0.5578541666666667 0.14826851851851852 0.11176041666666667 0.05868518518518519
0 0.35473958333333333 0.15601851851851853 0.09958854166666667 0.06812962962962962
0 0.45163020833333334 0.15432407407407406 0.10634375 0.06785185185185186
0 0.6565 0.14373148148148146 0.11264062500000001 0.06225925925925926
0 0.7625416666666667 0.13575 0.10779166666666667 0.06684259259259259
0 0.6057708333333333 0.23299999999999998 0.2939375 0.08546296296296296
0 0.30994270833333337 0.2431296296296296 0.3066770833333334 0.0817037037037037
0 0.44113020833333333 0.6399351851851852 0.25638541666666664 0.37833333333333335
0 0.17718229166666666 0.6493333333333333 0.27149999999999996 0.39181481481481484
0 0.6928229166666667 0.6201666666666666 0.24916666666666665 0.383712962962963
1 0.9098437500000001 0.5641944444444444 0.1803125 0.4669259259259259