0 0.5440364583333334 0.6750555555555555 0.09340104166666667 0.10629629629629629
0 0.5781822916666666 0.8262685185185186 0.3245052083333333 0.12840740740740741
0 0.320703125 0.7904166666666667 0.2218125 0.11709259259259258
1 0.34547916666666667 0.647537037037037 0.072625 0.13587962962962963
1 0.9525625000000001 0.4951111111111111 0.09486979166666668 0.09573148148148149
1 0.44561458333333337 0.6575185185185185 0.136078125 0.11409259259259259
0 0.664359375 0.6803148148148148 0.10848958333333333 0.09694444444444444
0 0.7958854166666666 0.6865925925925925 0.13797395833333334 0.0967962962962963
0 0.7839427083333333 0.5301944444444444 0.07463020833333332 0.06012037037037038
1 0.7065312499999999 0.5173888888888889 0.07963541666666667 0.08163888888888889
1 0.862953125 0.5050185185185185 0.08534375000000001 0.0848425925925926
1 0.112 0.7409166666666667 0.17784895833333333 0.1454074074074074