0 0.5395833333333333 0.22314814814814815 0.11302083333333333 0.1037037037037037
1 0.4440104166666667 0.19537037037037036 0.109375 0.14907407407407408
0 0.6505208333333333 0.21898148148148147 0.13177083333333334 0.10648148148148148
1 0.7802083333333333 0.19212962962962962 0.13802083333333334 0.16203703703703703
0 0.8333333333333334 0.03148148148148148 0.10208333333333333 0.05462962962962963
0 0.7481770833333333 0.03935185185185185 0.084375 0.06944444444444445
0 0.67265625 0.05277777777777778 0.075 0.06388888888888888
1 0.5380208333333333 0.05138888888888889 0.07864583333333333 0.08888888888888889
0 0.6046875 0.06574074074074074 0.0640625 0.062037037037037036
0 0.32916666666666666 0.23935185185185184 0.06927083333333334 0.08518518518518518
0 0.5567708333333333 0.3662037037037037 0.3385416666666667 0.1175925925925926
0 0.9236979166666667 0.1935185185185185 0.15260416666666668 0.14074074074074075