1 0.125390625 0.19140625 0.13046875 0.1234375
0 0.429296875 0.690234375 0.26171875 0.40234375
1 0.517578125 0.0984375 0.06796875 0.078125
0 0.2359375 0.21796875 0.1125 0.065625
0 0.342578125 0.215234375 0.10078125 0.06328125
0 0.43984375 0.210546875 0.103125 0.06328125
0 0.541015625 0.203515625 0.10234375 0.06640625
0 0.641796875 0.1984375 0.10390625 0.0640625
0 0.743359375 0.19375 0.10234375 0.0640625
0 0.594921875 0.283984375 0.29765625 0.08671875
0 0.309375 0.30859375 0.3078125 0.078125
0 0.153515625 0.699609375 0.28359375 0.38359375
0 0.68125 0.6859375 0.2609375 0.3953125
0 0.38671875 0.109765625 0.071875 0.05078125
1 0.451171875 0.0984375 0.06953125 0.0796875
0 0.248046875 0.114453125 0.07734375 0.04921875
1 0.903125 0.6015625 0.19375 0.5078125
1 0.31796875 0.0921875 0.071875 0.0875
1 0.5796875 0.090625 0.059375 0.090625