1 0.14262499999999997 0.1117962962962963 0.13203645833333333 0.12276851851851853
0 0.26294270833333333 0.12774074074074074 0.11206770833333332 0.07853703703703703
0 0.36908854166666666 0.12286111111111112 0.10347916666666666 0.07733333333333332
0 0.470359375 0.12276851851851853 0.10772395833333334 0.06241666666666666
0 0.5712916666666668 0.1147962962962963 0.10646874999999999 0.06292592592592593
0 0.6751197916666667 0.10742592592592592 0.107140625 0.07012962962962963
0 0.7805885416666667 0.09730555555555556 0.106078125 0.060870370370370366
0 0.3229375 0.2190462962962963 0.30843750000000003 0.07664814814814815
0 0.6202916666666667 0.20610185185185184 0.29859375 0.09190740740740741
0 0.17078645833333334 0.6193425925925926 0.2578020833333333 0.41221296296296295
0 0.43722916666666667 0.5924166666666666 0.2758333333333333 0.4056944444444444
0 0.683078125 0.584537037037037 0.237828125 0.3967777777777778
1 0.900234375 0.5148333333333334 0.19953125000000002 0.506