1 0.8820989583333334 0.6186574074074074 0.23579687500000002 0.4218148148148148
1 0.035432291666666664 0.18075925925925926 0.07086458333333333 0.1255
1 0.13675 0.1801111111111111 0.13175 0.12419444444444444
1 0.32529687500000004 0.07186111111111111 0.06980729166666667 0.09099074074074073
1 0.4562291666666667 0.07751851851851851 0.06947395833333332 0.07126851851851852
1 0.52078125 0.0717037037037037 0.06914583333333332 0.07859259259259259
1 0.5849427083333333 0.06539814814814815 0.061859375 0.08759259259259258
1 0.650484375 0.06581481481481481 0.068453125 0.08060185185185186
0 0.39003645833333334 0.09235185185185185 0.07302083333333333 0.04775
0 0.25655208333333335 0.09352777777777778 0.07642708333333334 0.0502962962962963
0 0.2500833333333333 0.20325925925925928 0.11469791666666666 0.06531481481481483
0 0.35377604166666665 0.20267592592592593 0.10399479166666666 0.06648148148148147
0 0.45315625 0.20105555555555554 0.108296875 0.060740740740740734
0 0.5572031249999999 0.19789814814814813 0.11540104166666666 0.06124074074074074
0 0.6543802083333333 0.19062962962962962 0.10997916666666667 0.0611574074074074
0 0.759671875 0.18613888888888888 0.11236458333333334 0.06332407407407407
0 0.17284375000000002 0.6793703703703704 0.3324479166666666 0.3963055555555555
0 0.448671875 0.6760555555555555 0.287890625 0.3893888888888889
0 0.691046875 0.6603148148148148 0.2965 0.3917407407407407
0 0.605578125 0.2805648148148148 0.29128645833333333 0.07785185185185185
0 0.31312500000000004 0.29020370370370374 0.30535416666666665 0.07711111111111112