0 0.36445833333333333 0.44581481481481483 0.13126041666666668 0.13923148148148148
0 0.31150520833333334 0.6956481481481481 0.23407291666666669 0.3720833333333334
0 0.38003125 0.3467222222222222 0.097984375 0.07375000000000001
0 0.39103125 0.29287962962962966 0.06755208333333333 0.04630555555555555
1 0.5735208333333334 0.2774259259259259 0.13348437500000002 0.0979074074074074
0 0.58278125 0.3390740740740741 0.15078125 0.0335
0 0.5899635416666666 0.37395370370370373 0.15726041666666665 0.04087962962962963
0 0.6187552083333333 0.41848148148148145 0.20580208333333333 0.05499074074074074
0 0.6522135416666667 0.47745370370370366 0.25790104166666666 0.07597222222222222
0 0.6912604166666667 0.5708148148148149 0.2925364583333333 0.12234259259259259
0 0.757046875 0.73325 0.3370885416666667 0.23073148148148148
0 0.05720833333333333 0.3348611111111111 0.11441145833333333 0.04014814814814815
1 0.07818750000000001 0.2703611111111111 0.15637500000000001 0.11173148148148149