1 0.07069270833333333 0.562962962962963 0.14138541666666665 0.1488888888888889
0 0.19490104166666666 0.587037037037037 0.16321875 0.09333333333333334
0 0.2979114583333333 0.5924074074074074 0.115484375 0.10703703703703703
0 0.4221614583333333 0.5788888888888889 0.13689583333333333 0.10962962962962963
0 0.5482864583333333 0.5729629629629629 0.13789583333333333 0.11851851851851852
0 0.6827083333333334 0.5634259259259259 0.13995833333333335 0.12798148148148147
0 0.8288281249999999 0.5574537037037036 0.15532291666666667 0.12496296296296297
0 0.5814114583333333 0.7228425925925925 0.42304166666666665 0.1144537037037037
0 0.2045 0.7387962962962963 0.35544270833333336 0.10768518518518519
1 0.5601770833333333 0.4095925925925926 0.073921875 0.08491666666666665
1 0.6328333333333334 0.40191666666666664 0.07261458333333333 0.07614814814814815
1 0.4872135416666667 0.4156574074074074 0.07732291666666667 0.07051851851851852