1 0.07898437500000001 0.7650092592592593 0.15796354166666668 0.16343518518518518
0 0.210234375 0.9290092592592593 0.397078125 0.12552777777777777
0 0.600578125 0.9095092592592593 0.41346875 0.12345370370370372
0 0.8522291666666667 0.7401944444444444 0.14554166666666665 0.09780555555555555
0 0.7091822916666667 0.7496481481481482 0.15199479166666666 0.08967592592592592
0 0.5724635416666667 0.7663888888888889 0.13126041666666668 0.10312037037037038
0 0.45053125 0.7710277777777778 0.126921875 0.09742592592592593
0 0.32358333333333333 0.7856944444444444 0.11016666666666668 0.09280555555555556
0 0.19133333333333333 0.7935092592592593 0.10983854166666666 0.09594444444444444
1 0.50825 0.6149351851851852 0.07232291666666667 0.0812962962962963
1 0.5777447916666667 0.6069166666666667 0.07427083333333333 0.07218518518518519
0 0.43524999999999997 0.6302592592592592 0.06775 0.057972222222222224