0 0.2981770833333333 0.30787037037037035 0.1171875 0.1037037037037037
0 0.41171875 0.2967592592592593 0.12291666666666666 0.10277777777777777
1 0.52890625 0.25462962962962965 0.12447916666666667 0.15092592592592594
0 0.6549479166666666 0.25277777777777777 0.134375 0.12037037037037036
0 0.7994791666666666 0.2300925925925926 0.15052083333333333 0.12962962962962962
1 0.19973958333333333 0.2949074074074074 0.10520833333333333 0.14722222222222223
0 0.06510416666666667 0.350462962962963 0.07760416666666667 0.0962962962962963
0 0.31953125 0.4439814814814815 0.3359375 0.1425925925925926
0 0.6799479166666667 0.4217592592592593 0.41510416666666666 0.1537037037037037
1 0.29270833333333335 0.1388888888888889 0.075 0.0824074074074074
0 0.3614583333333333 0.14537037037037037 0.0671875 0.05555555555555555
0 0.42942708333333335 0.1375 0.06979166666666667 0.05648148148148148
0 0.50078125 0.11712962962962963 0.07395833333333333 0.053703703703703705
0 0.5734375 0.10324074074074074 0.07916666666666666 0.062037037037037036
0 0.64921875 0.08935185185185185 0.07864583333333333 0.06296296296296296
0 0.7302083333333333 0.07361111111111111 0.08541666666666667 0.06666666666666667
0 0.8151041666666666 0.05648148148148148 0.08645833333333333 0.06574074074074074
0 0.36258854166666665 0.9215185185185185 0.32669270833333336 0.15696296296296297
0 0.698609375 0.9026018518518518 0.3468333333333333 0.18312037037037038
0 0.12247395833333334 0.8987314814814815 0.24494270833333334 0.19472222222222224