0 0.5395885416666667 0.708037037037037 0.12580729166666668 0.09669444444444444
0 0.5648125 0.8580740740740741 0.39973437500000003 0.12429629629629631
0 0.19678125 0.8690370370370369 0.35125 0.09514814814814815
1 0.06380208333333333 0.7254351851851852 0.12760416666666666 0.14571296296296296
0 0.17019791666666664 0.7441296296296296 0.09858333333333333 0.09082407407407407
0 0.29186979166666666 0.7366574074074075 0.11010416666666667 0.09072222222222223
0 0.42353124999999997 0.7207037037037037 0.11740624999999999 0.09751851851851852
0 0.6676041666666667 0.6976296296296297 0.1335625 0.09793518518518518
0 0.806015625 0.6823425925925926 0.14242708333333332 0.0967962962962963
0 0.19574479166666667 0.6050648148148149 0.061536458333333335 0.048888888888888885
0 0.4087135416666667 0.5714351851851852 0.07901041666666667 0.06061111111111111
1 0.5475625 0.5414351851851852 0.07788541666666667 0.07275
1 0.6217291666666667 0.5382314814814815 0.07671875 0.07558333333333334
1 0.33443229166666666 0.5704074074074074 0.083953125 0.08364814814814815