0 0.13454166666666667 0.7757222222222222 0.2690885416666667 0.44787037037037036
0 0.38751041666666663 0.7064444444444444 0.24410416666666668 0.40535185185185185
1 0.6031718749999999 0.5827314814814815 0.24332291666666667 0.43089814814814814
0 0.30065625 0.3617962962962963 0.3066979166666667 0.10150925925925926
0 0.13386458333333331 0.2693888888888889 0.12677604166666667 0.07136111111111111
0 0.2513229166666667 0.25905555555555554 0.11776562500000001 0.06537037037037037
0 0.356046875 0.2477777777777778 0.10459375 0.0675
0 0.45696875 0.2391296296296296 0.09873958333333334 0.06258333333333334
0 0.5678489583333334 0.23016666666666669 0.100359375 0.062481481481481485
1 0.2814270833333333 0.12591666666666668 0.067296875 0.08375925925925926
0 0.05529166666666666 0.15913888888888889 0.08602083333333334 0.05737962962962963
0 0.940453125 0.5136296296296297 0.11909375 0.22582407407407407