0 0.41292708333333333 0.43510185185185185 0.14080729166666667 0.13271296296296298
0 0.8236458333333334 0.6905462962962963 0.352703125 0.2131759259259259
1 0.13253125000000002 0.300287037037037 0.18290625 0.08587962962962963
0 0.6819166666666666 0.39214814814814813 0.23957291666666666 0.055740740740740743
0 0.7543229166666666 0.5399259259259259 0.29660416666666667 0.11716666666666667
0 0.062385416666666665 0.39625925925925926 0.12477083333333333 0.04873148148148149
0 0.7073489583333333 0.45172222222222225 0.26031770833333334 0.07822222222222222
1 0.8828177083333333 0.1870185185185185 0.12903125000000001 0.04936111111111111
0 0.43521875 0.33648148148148144 0.095203125 0.07316666666666666
1 0.6218281250000001 0.26249074074074075 0.14604687500000002 0.08244444444444445
0 0.370046875 0.6656111111111112 0.23331249999999998 0.3456018518518518
0 0.6492447916666666 0.3486574074074074 0.19881770833333334 0.03921296296296296
0 0.44231770833333334 0.2825648148148148 0.0769375 0.045425925925925925
0 0.644 0.316212962962963 0.18645833333333334 0.03378703703703704
0 0.09528645833333332 0.35927777777777775 0.17272395833333334 0.03851851851851852