1 0.07708333333333334 0.15414814814814815 0.13965624999999998 0.13339814814814815
0 0.20299999999999999 0.16537962962962965 0.122390625 0.07081481481481482
0 0.2600208333333333 0.2599814814814815 0.31510937499999997 0.08524074074074074
0 0.56203125 0.22861111111111113 0.297578125 0.08645370370370371
1 0.858578125 0.47009259259259256 0.28284374999999995 0.3642592592592592
0 0.6217916666666666 0.5626481481481481 0.24833333333333335 0.3439351851851852
0 0.3867083333333333 0.6127962962962964 0.277296875 0.3726666666666667
0 0.13291666666666666 0.6402314814814816 0.23240625 0.3698148148148148
0 0.30576041666666665 0.15766666666666668 0.11021875 0.07033333333333333
0 0.4085104166666667 0.15028703703703705 0.10716666666666666 0.057185185185185186
0 0.5098177083333334 0.14052777777777778 0.10335416666666666 0.06639814814814814
0 0.610703125 0.12582407407407406 0.10403645833333333 0.06951851851851852
0 0.7133177083333333 0.11240740740740741 0.104265625 0.06220370370370371
0 0.8206145833333333 0.10279629629629629 0.11338541666666666 0.063