0 0.3510625 0.7099351851851852 0.44684375000000004 0.13912962962962963
0 0.747296875 0.6971851851851852 0.4001458333333333 0.1298240740740741
0 0.21790104166666666 0.5655740740740741 0.14024999999999999 0.1007962962962963
0 0.34311458333333333 0.5600833333333333 0.14215625 0.09403703703703704
0 0.4717708333333333 0.5648333333333333 0.13111458333333334 0.09029629629629629
0 0.5977239583333334 0.5641481481481482 0.13201041666666666 0.09665740740740741
0 0.72071875 0.5619351851851851 0.12646354166666668 0.0878425925925926
1 0.43315624999999996 0.3955925925925926 0.07678645833333334 0.09805555555555556
1 0.35638020833333334 0.39608333333333334 0.08491145833333333 0.09205555555555556
1 0.28234895833333334 0.3998055555555556 0.084015625 0.08877777777777777
1 0.12231770833333333 0.3832777777777778 0.09179166666666667 0.1073425925925926
0 0.20055729166666666 0.4104351851851852 0.08652083333333334 0.06532407407407408
0 0.07827083333333333 0.5691481481481481 0.156546875 0.09816666666666667
1 0.769859375 0.3971574074074074 0.08067187499999999 0.10250925925925926
0 0.8647447916666666 0.5614444444444444 0.11063020833333333 0.09105555555555556