1 0.11119791666666666 0.5787407407407407 0.17302083333333332 0.14751851851851852
0 0.23579687500000002 0.6000648148148149 0.13235416666666666 0.10842592592592593
0 0.35115104166666666 0.6061203703703704 0.115484375 0.10703703703703703
0 0.4707708333333333 0.5953518518518519 0.13689583333333333 0.10962962962962963
0 0.5968958333333333 0.5853148148148148 0.13789583333333333 0.11851851851851852
0 0.7297708333333334 0.5771388888888889 0.13995833333333335 0.12798148148148147
0 0.8758958333333333 0.5601944444444444 0.15532291666666667 0.11399074074074074
0 0.6323333333333333 0.7338148148148148 0.42304166666666665 0.1144537037037037
0 0.2523385416666667 0.7483981481481481 0.35544270833333336 0.10768518518518519
1 0.6049375 0.42028703703703707 0.073921875 0.08047222222222222
1 0.6783125 0.41514814814814816 0.07261458333333333 0.07614814814814815
1 0.5314739583333333 0.42537037037037034 0.07732291666666667 0.07627777777777778