1 0.11354166666666667 0.18125925925925926 0.13091666666666668 0.12069444444444444
0 0.42548958333333337 0.6686666666666666 0.25109895833333334 0.39423148148148146
1 0.5095989583333334 0.07413888888888888 0.06963541666666666 0.07807407407407407
0 0.23542708333333331 0.2073148148148148 0.11238541666666667 0.06584259259259259
0 0.34343229166666667 0.20463888888888887 0.10111458333333333 0.06297222222222222
0 0.4415104166666667 0.20333333333333334 0.10275520833333333 0.06337037037037037
0 0.5404479166666667 0.19985185185185186 0.10286458333333333 0.06653703703703703
0 0.64215625 0.19640740740740742 0.10373437499999999 0.06463888888888888
0 0.7443645833333333 0.1893611111111111 0.10220833333333333 0.06418518518518518
0 0.5948541666666666 0.28397222222222224 0.2972447916666667 0.08621296296296296
0 0.3015833333333333 0.30189814814814814 0.30808854166666666 0.07823148148148147
0 0.16104166666666667 0.6900740740740741 0.26905208333333336 0.3841481481481481
0 0.6768333333333333 0.6570462962962963 0.2606979166666667 0.39544444444444443
0 0.37669270833333335 0.09442592592592593 0.07183854166666667 0.05074074074074074
1 0.44317708333333333 0.07878703703703704 0.069125 0.08008333333333333
0 0.2390625 0.09878703703703703 0.07714583333333333 0.0490925925925926
1 0.9030781250000001 0.5962777777777778 0.19384375 0.507712962962963
1 0.31039583333333337 0.07812962962962963 0.07194270833333333 0.08730555555555557