0 0.22615104166666666 0.38460185185185186 0.11004166666666666 0.11076851851851852
0 0.34401041666666665 0.3624814814814815 0.1243125 0.10837037037037038
1 0.46606770833333333 0.30641666666666667 0.12247916666666667 0.1690648148148148
1 0.12883333333333333 0.3738888888888889 0.11949479166666667 0.1668425925925926
1 0.22473437500000001 0.20762962962962964 0.08064583333333333 0.08531481481481482
0 0.2977916666666667 0.21571296296296297 0.07164583333333334 0.06491666666666666
0 0.5927604166666666 0.2975555555555556 0.13520833333333335 0.11976851851851851
0 0.7186458333333333 0.2635277777777778 0.1340625 0.11739814814814815
1 0.8658802083333333 0.20073148148148148 0.16372395833333334 0.14329629629629628
0 0.36175520833333336 0.18950925925925924 0.06703125 0.06076851851851851
0 0.43312500000000004 0.17177777777777778 0.07741145833333334 0.06051851851851852
0 0.5048489583333333 0.15421296296296297 0.078125 0.06669444444444445
0 0.5765781249999999 0.13428703703703704 0.07388541666666668 0.0760925925925926
0 0.651203125 0.11537037037037036 0.07841145833333334 0.06669444444444445
0 0.7316197916666667 0.09221296296296297 0.08288541666666666 0.05967592592592593
1 0.8161041666666667 0.04812037037037037 0.09368749999999999 0.09624074074074074
0 0.242296875 0.5415277777777778 0.36417187500000003 0.17254629629629628
0 0.6108854166666667 0.46693518518518523 0.38909895833333336 0.189