1 0.3144166666666666 0.31960185185185186 0.07752604166666667 0.09485185185185185
0 0.22702083333333334 0.6601203703703703 0.445625 0.14382407407407408
1 0.234265625 0.3259166666666667 0.08374479166666667 0.08368518518518518
1 0.14965625 0.32785185185185184 0.08715104166666668 0.08135185185185186
0 0.6252604166666667 0.6275092592592593 0.35036458333333337 0.12587962962962962
0 0.05799479166666666 0.3377777777777778 0.09579166666666666 0.07275925925925926
0 0.07608333333333334 0.5046296296296297 0.14409375000000002 0.10391666666666667
0 0.22125 0.4988425925925926 0.14611458333333335 0.09828703703703705
0 0.36105208333333333 0.49300000000000005 0.13898437500000002 0.09385185185185185
0 0.4909322916666667 0.48167592592592595 0.121546875 0.0944537037037037
0 0.7242656249999999 0.47634259259259265 0.11008333333333334 0.08241666666666667
0 0.8285208333333334 0.4697037037037037 0.10306770833333333 0.0781574074074074
0 0.6072708333333333 0.4829537037037037 0.12525520833333334 0.08527777777777777
0 0.9144739583333333 0.4660740740740741 0.09070833333333334 0.0682037037037037