0 0.8493333333333334 0.6716944444444444 0.3013333333333333 0.20675925925925928
0 0.46681249999999996 0.4099537037037037 0.13340625 0.13293518518518518
0 0.7225208333333334 0.363462962962963 0.22232812500000002 0.05401851851851852
1 0.18974479166666666 0.28241666666666665 0.171984375 0.087
0 0.486828125 0.3153888888888889 0.08571354166666666 0.07106481481481482
0 0.49427604166666667 0.2614259259259259 0.07077604166666666 0.048518518518518516
0 0.10531770833333334 0.37587037037037035 0.17956249999999999 0.04372222222222222
1 0.672 0.24500925925925926 0.15103125 0.06492592592592593
0 0.8207864583333334 0.5150185185185185 0.34490625 0.12826851851851853
0 0.7578177083333333 0.42410185185185184 0.2646145833333333 0.07626851851851853
0 0.7108333333333333 0.3206851851851852 0.21160416666666665 0.045648148148148146
1 0.94071875 0.15192592592592594 0.11060416666666667 0.04335185185185185
0 0.40157291666666667 0.6435833333333334 0.26680729166666667 0.3345462962962963
0 0.14904166666666668 0.34096296296296297 0.1740364583333333 0.03603703703703704
0 0.058395833333333334 0.4241666666666667 0.11678645833333333 0.059222222222222225