1 0.09467708333333333 0.5074629629629629 0.18934895833333334 0.1678703703703704
1 0.36002083333333335 0.2512037037037037 0.16636458333333334 0.08333333333333333
0 0.32380729166666666 0.3045277777777778 0.16009375 0.033611111111111105
0 0.276859375 0.3412685185185185 0.165984375 0.04098148148148148
0 0.24054166666666665 0.38401851851851854 0.14396875 0.052648148148148145
0 0.557125 0.6201203703703704 0.26046875 0.3395
0 0.6304947916666667 0.38469444444444445 0.11488020833333333 0.13458333333333333
0 0.647609375 0.28464814814814815 0.08997916666666667 0.06974074074074073
0 0.6554635416666666 0.2286574074074074 0.06969791666666666 0.046296296296296294
1 0.8604322916666667 0.21058333333333334 0.18586458333333333 0.08074999999999999
0 0.9030781250000001 0.5114907407407407 0.19384375 0.12916666666666668
0 0.8951250000000001 0.4125833333333333 0.2059375 0.0859074074074074
0 0.8904375000000001 0.34347222222222223 0.21912500000000001 0.057555555555555554
0 0.87334375 0.29535185185185187 0.17180208333333333 0.04274074074074074
0 0.8531718749999999 0.26107407407407407 0.15383333333333335 0.04037037037037037