0 0.6196145833333334 0.5673888888888888 0.51290625 0.23628703703703705
0 0.6474895833333334 0.409462962962963 0.41240104166666663 0.12413888888888888
0 0.6621979166666667 0.3267314814814815 0.3289739583333333 0.07287037037037038
0 0.6725625 0.2722037037037037 0.28200520833333337 0.05024074074074074
0 0.6835625000000001 0.23441666666666666 0.24647395833333335 0.03292592592592593
0 0.6887395833333334 0.20417592592592593 0.21315104166666668 0.02861111111111111
0 0.37464062499999995 0.19726851851851854 0.08169270833333334 0.047712962962962964
0 0.45715625 0.16205555555555556 0.07490625 0.03098148148148148
0 0.287296875 0.25078703703703703 0.108828125 0.07042592592592593
0 0.49326562500000004 0.1381388888888889 0.07942708333333333 0.023731481481481482
0 0.696265625 0.18035185185185185 0.19048958333333335 0.02300925925925926