0 0.18463541666666666 0.6828703703703703 0.26875 0.3925925925925926
0 0.45078125 0.6648148148148149 0.26875 0.3925925925925926
0 0.6989583333333333 0.6578703703703703 0.23385416666666667 0.39537037037037037
1 0.9065104166666667 0.5703703703703704 0.18697916666666667 0.5101851851851852
0 0.34010416666666665 0.2912037037037037 0.2989583333333333 0.06759259259259259
0 0.6294270833333333 0.2810185185185185 0.2921875 0.08611111111111111
1 0.16354166666666667 0.1884259259259259 0.12708333333333333 0.12407407407407407
0 0.27760416666666665 0.2064814814814815 0.10520833333333333 0.05925925925925926
0 0.3807291666666667 0.20046296296296295 0.10833333333333334 0.06111111111111111
0 0.4822916666666667 0.19490740740740742 0.1046875 0.05462962962962963
0 0.58359375 0.18703703703703703 0.10572916666666667 0.05648148148148148
0 0.68515625 0.1824074074074074 0.10104166666666667 0.05648148148148148
0 0.79375 0.17083333333333334 0.10989583333333333 0.05740740740740741
1 0.052083333333333336 0.1912037037037037 0.10104166666666667 0.11851851851851852
0 0.2864583333333333 0.1 0.07708333333333334 0.049074074074074076
1 0.3575520833333333 0.08796296296296297 0.06458333333333334 0.075
0 0.42213541666666665 0.09398148148148149 0.06666666666666667 0.058333333333333334