0 0.5298489583333333 0.6729629629629629 0.25475 0.37777777777777777
0 0.27674479166666666 0.6638888888888889 0.24611979166666667 0.35666666666666663
0 0.07794270833333333 0.6559259259259259 0.14888020833333335 0.35555555555555557
0 0.7756354166666667 0.6711111111111111 0.22969270833333333 0.40814814814814815
0 0.145046875 0.2925185185185185 0.27891666666666665 0.07496296296296295
0 0.42011458333333335 0.2902777777777778 0.2709739583333333 0.07162037037037036
0 0.7039947916666667 0.28805555555555556 0.30272916666666666 0.06717592592592592
0 0.8693802083333334 0.19440740740740742 0.10798437500000001 0.06495370370370371
1 0.24186979166666667 0.18528703703703706 0.12294270833333334 0.09253703703703703
0 0.35039583333333335 0.2056388888888889 0.10101041666666667 0.06562037037037037
0 0.44959895833333335 0.20586111111111113 0.106734375 0.06606481481481481
1 0.137578125 0.17805555555555558 0.09551041666666667 0.1118888888888889
0 0.5496197916666666 0.20530555555555555 0.100078125 0.058722222222222224
0 0.6510104166666667 0.20441666666666666 0.10042708333333333 0.06762037037037037
0 0.75771875 0.19852777777777778 0.11715625 0.061611111111111116
0 0.3580364583333333 0.10454629629629629 0.07000520833333333 0.04937962962962963
1 0.42534374999999996 0.0952037037037037 0.06447916666666667 0.05026851851851852
0 0.487765625 0.09553703703703705 0.06495833333333333 0.05071296296296297
1 0.5524427083333333 0.08963888888888889 0.0651875 0.05694444444444444
1 0.6190260416666666 0.08775 0.06747916666666667 0.05894444444444444
1 0.683734375 0.08427777777777777 0.062239583333333334 0.06241666666666666
1 0.75246875 0.07885185185185185 0.07260416666666666 0.06358333333333334