1 0.082265625 0.5958888888888888 0.16453125 0.15162962962962961
0 0.20493229166666668 0.6165277777777778 0.13235416666666666 0.10842592592592593
0 0.323375 0.6129814814814815 0.115484375 0.10703703703703703
0 0.43913541666666667 0.6035833333333334 0.13689583333333333 0.10962962962962963
0 0.5691197916666667 0.5976574074074075 0.13789583333333333 0.11851851851851852
0 0.7012239583333333 0.5840000000000001 0.13995833333333335 0.12798148148148147
0 0.8488906249999999 0.5780277777777778 0.15532291666666667 0.12496296296296297
0 0.5991562500000001 0.7502777777777777 0.42304166666666665 0.1144537037037037
0 0.22533333333333333 0.7538888888888889 0.35544270833333336 0.10768518518518519
1 0.580125 0.4361759259259259 0.073921875 0.08047222222222222
1 0.6520052083333333 0.43780555555555556 0.07261458333333333 0.07614814814814815
1 0.5065052083333333 0.4479444444444444 0.07732291666666667 0.07051851851851852