1 0.09092708333333334 0.6196851851851852 0.179875 0.16632407407407407
0 0.21997395833333336 0.8096666666666668 0.40633854166666666 0.11282407407407406
0 0.6173489583333333 0.805212962962963 0.43893229166666664 0.11522222222222223
0 0.858234375 0.6925555555555556 0.17475520833333333 0.0963611111111111
0 0.7230104166666667 0.6890462962962962 0.15199479166666666 0.08967592592592592
0 0.5860052083333334 0.686212962962963 0.13126041666666668 0.08436111111111111
0 0.47089583333333335 0.6808981481481482 0.126921875 0.07578703703703703
0 0.3395572916666667 0.6795277777777777 0.11016666666666668 0.07773148148148148
0 0.216765625 0.6656574074074074 0.09907812499999999 0.08468518518518518
1 0.5242239583333334 0.5417222222222222 0.07753125000000001 0.06918518518518518
1 0.5959739583333333 0.5442685185185184 0.07427083333333333 0.07218518518518519
0 0.4544479166666667 0.5536018518518518 0.07936458333333334 0.054407407407407404