0 0.5181875 0.67 0.25475 0.37777777777777777
0 0.26175 0.6675925925925926 0.2661145833333333 0.37592592592592594
0 0.06735937500000001 0.6662962962962963 0.13471875000000003 0.35555555555555557
0 0.7639739583333333 0.6711111111111111 0.22969270833333333 0.40814814814814815
0 0.13522395833333334 0.2890925925925926 0.27044270833333334 0.07907407407407407
0 0.40971874999999996 0.2902777777777778 0.27482291666666664 0.07162037037037036
0 0.6909010416666667 0.2812037037037037 0.29964583333333333 0.07539814814814816
0 0.8550416666666667 0.19112037037037036 0.10798437500000001 0.06495370370370371
1 0.22877604166666668 0.18528703703703706 0.12294270833333334 0.09253703703703703
0 0.33730208333333334 0.20426851851851854 0.10101041666666667 0.06562037037037037
0 0.43727604166666667 0.20449074074074072 0.106734375 0.06606481481481481
1 0.12525520833333334 0.17668518518518517 0.09551041666666667 0.1118888888888889
0 0.5370052083333333 0.19897222222222222 0.100078125 0.058722222222222224
0 0.637625 0.195 0.10042708333333333 0.06762037037037037
0 0.744765625 0.19112037037037036 0.11715625 0.061611111111111116
0 0.3461927083333334 0.09684259259259259 0.07000520833333333 0.04937962962962963
1 0.41263020833333336 0.09109259259259259 0.06447916666666667 0.05026851851851852
0 0.4779427083333333 0.08783333333333333 0.06495833333333333 0.05071296296296297
1 0.5411770833333333 0.08193518518518518 0.0651875 0.05694444444444444
1 0.6071822916666666 0.07747222222222222 0.06747916666666667 0.05894444444444444
1 0.6724687500000001 0.07502777777777778 0.062239583333333334 0.06241666666666666
1 0.741203125 0.07114814814814815 0.07260416666666666 0.06358333333333334