0 0.247703125 0.748287037037037 0.2690885416666667 0.44787037037037036
0 0.4963020833333333 0.7126203703703704 0.24410416666666668 0.3875185185185185
1 0.7420572916666667 0.6094814814814815 0.27881770833333336 0.4075740740740741
0 0.41407812499999996 0.33985185185185185 0.29126562500000003 0.09327777777777778
0 0.15126041666666667 0.27492592592592596 0.12347916666666667 0.0694074074074074
0 0.26176041666666666 0.2616574074074074 0.11813020833333333 0.06406481481481481
0 0.36922916666666666 0.2552685185185185 0.10459375 0.0655462962962963
0 0.467953125 0.24596296296296294 0.09873958333333334 0.05802777777777778
0 0.5678489583333334 0.23016666666666669 0.100359375 0.062481481481481485
1 0.39715625 0.12331481481481482 0.06290104166666667 0.08375925925925926
0 0.18988020833333333 0.15198148148148147 0.079796875 0.05737962962962963