0 0.6194166666666666 0.7895185185185185 0.35126041666666663 0.1256851851851852
0 0.23145312499999998 0.8365092592592592 0.425046875 0.15105555555555555
0 0.08194270833333334 0.6875833333333333 0.143828125 0.10837037037037038
0 0.22822395833333334 0.6834722222222221 0.13830729166666667 0.10013888888888889
0 0.36103124999999997 0.6609166666666666 0.12730729166666668 0.10716666666666666
0 0.48822916666666666 0.6581018518518519 0.12672395833333333 0.09023148148148148
0 0.6061041666666667 0.6465925925925926 0.113296875 0.0853425925925926
0 0.715875 0.6427962962962963 0.11867708333333334 0.0875648148148148
0 0.8211145833333333 0.637287037037037 0.10175000000000001 0.0772962962962963
0 0.07048958333333334 0.5192129629629629 0.09186979166666666 0.0716574074074074
1 0.15915625 0.5173703703703704 0.08379687499999999 0.07489814814814814
1 0.24025520833333333 0.5098055555555556 0.08175520833333333 0.08330555555555555
1 0.316796875 0.5054537037037037 0.06985416666666668 0.08464814814814815
0 0.91571875 0.6258148148148148 0.09292708333333333 0.0680185185185185