1 0.88203125 0.61875 0.2359375 0.421875
1 0.035546875 0.180859375 0.07109375 0.12578125
1 0.13671875 0.180078125 0.13125 0.12421875
1 0.325390625 0.071875 0.06953125 0.090625
1 0.456640625 0.077734375 0.06953125 0.07109375
1 0.520703125 0.071875 0.06953125 0.078125
1 0.584765625 0.065625 0.06171875 0.0875
1 0.650390625 0.066015625 0.06796875 0.08046875
0 0.38984375 0.092578125 0.0734375 0.04765625
0 0.25703125 0.093359375 0.0765625 0.05078125
0 0.250390625 0.203125 0.11484375 0.065625
0 0.354296875 0.202734375 0.10390625 0.06640625
0 0.453125 0.201171875 0.1078125 0.06015625
0 0.55703125 0.198046875 0.115625 0.06171875
0 0.654296875 0.190625 0.11015625 0.0609375
0 0.76015625 0.186328125 0.1125 0.06328125
0 0.17265625 0.679296875 0.3328125 0.39609375
0 0.448828125 0.676171875 0.28828125 0.38984375
0 0.691015625 0.66015625 0.29609375 0.3921875
0 0.605859375 0.28046875 0.29140625 0.078125
0 0.313671875 0.290234375 0.30546875 0.07734375