0 0.19402604166666665 0.6866018518518519 0.23744791666666665 0.4015185185185185
0 0.4464635416666667 0.6593425925925926 0.2605 0.39609259259259255
0 0.68365625 0.6214537037037037 0.22279166666666667 0.41495370370370366
1 0.8983385416666666 0.5819814814814814 0.20331770833333335 0.4444166666666667
0 0.32183854166666664 0.2891111111111111 0.307171875 0.0783611111111111
0 0.2551145833333333 0.19849074074074075 0.12015104166666667 0.07364814814814816
0 0.36300520833333333 0.19432407407407407 0.10459895833333334 0.0676574074074074
0 0.46391145833333336 0.18941666666666665 0.10683333333333334 0.06786111111111112
0 0.5637135416666667 0.17477777777777778 0.104484375 0.06985185185185185
0 0.6650260416666666 0.16612037037037036 0.100828125 0.06688888888888889
1 0.33048958333333334 0.0791111111111111 0.0695625 0.06417592592592593
1 0.13971875 0.17930555555555555 0.12256770833333334 0.13698148148148148
0 0.6099791666666667 0.2649814814814815 0.28495312500000003 0.09107407407407407
0 0.7660052083333333 0.15172222222222223 0.09907291666666666 0.06281481481481482
0 0.2620677083333333 0.09177777777777778 0.06946875 0.045518518518518514
0 0.3971354166666667 0.08358333333333333 0.073875 0.047712962962962964
1 0.5294791666666667 0.06043518518518518 0.06780208333333333 0.06494444444444444
1 0.5941614583333333 0.05538888888888889 0.061848958333333336 0.06147222222222222
1 0.65759375 0.05097222222222222 0.06344270833333333 0.05938888888888889
1 0.4632760416666667 0.07112037037037038 0.06706770833333334 0.05923148148148148