1 0.288796875 0.36474074074074075 0.072953125 0.08997222222222222
0 0.215484375 0.6916666666666667 0.43096354166666667 0.16028703703703706
1 0.21024479166666668 0.3653611111111111 0.08374479166666667 0.08368518518518518
1 0.12265104166666667 0.369 0.088296875 0.08135185185185186
0 0.59728125 0.6496481481481482 0.35036458333333337 0.12587962962962962
0 0.19491666666666668 0.5478611111111111 0.15008854166666669 0.09387037037037037
0 0.33621354166666667 0.5353981481481481 0.13898437500000002 0.09385185185185185
0 0.4636302083333333 0.5245740740740741 0.121546875 0.0944537037037037
0 0.7082760416666667 0.5081388888888888 0.10005729166666667 0.08175925925925925
0 0.7942916666666666 0.5019166666666667 0.106546875 0.0763888888888889
0 0.583921875 0.5156296296296297 0.12028645833333333 0.0870462962962963
0 0.8834583333333333 0.4909722222222222 0.085515625 0.06478703703703703
0 0.8845885416666667 0.6076388888888888 0.23081770833333334 0.11264814814814815
1 0.6214479166666667 0.36725925925925923 0.06969791666666666 0.08175925925925925
1 0.7119895833333333 0.3589259259259259 0.07684375 0.08885185185185185