0 0.20130208333333333 0.6504629629629629 0.2755208333333333 0.4083333333333333
0 0.47239583333333335 0.6486111111111111 0.2703125 0.39814814814814814
0 0.7252604166666666 0.6370370370370371 0.2875 0.40185185185185185
1 0.8963541666666667 0.5810185185185185 0.20729166666666668 0.49907407407407406
0 0.6421875 0.2537037037037037 0.3072916666666667 0.07962962962962963
0 0.3455729166666667 0.262037037037037 0.3015625 0.0824074074074074
1 0.059895833333333336 0.15555555555555556 0.10364583333333334 0.13055555555555556
1 0.16848958333333333 0.14907407407407408 0.12604166666666666 0.13148148148148148
0 0.2864583333333333 0.06805555555555555 0.08229166666666667 0.05555555555555555
0 0.28098958333333335 0.1824074074074074 0.11145833333333334 0.05925925925925926
0 0.38385416666666666 0.17962962962962964 0.10885416666666667 0.06111111111111111
0 0.42161458333333335 0.06851851851851852 0.07447916666666667 0.05
1 0.35546875 0.04814814814814815 0.07708333333333334 0.09166666666666666
1 0.48671875 0.04953703703703704 0.06927083333333334 0.07962962962962963
1 0.5513020833333333 0.04490740740740741 0.06666666666666667 0.08055555555555556
1 0.6229166666666667 0.03935185185185185 0.07708333333333334 0.0787037037037037
0 0.5875 0.17314814814814813 0.11458333333333333 0.06481481481481481
0 0.6903645833333333 0.16666666666666666 0.10416666666666667 0.06481481481481481
0 0.7927083333333333 0.15833333333333333 0.1 0.06111111111111111
0 0.4859375 0.17407407407407408 0.1078125 0.06481481481481481