1 0.331890625 0.2936666666666667 0.07752604166666667 0.09485185185185185
0 0.24939583333333332 0.6287037037037037 0.445625 0.14382407407407408
1 0.25206249999999997 0.30187037037037034 0.08374479166666667 0.08368518518518518
1 0.16848958333333333 0.3138240740740741 0.08339583333333334 0.08135185185185186
0 0.6382083333333333 0.5862407407407407 0.35036458333333337 0.12587962962962962
1 0.7569895833333333 0.2897222222222222 0.078640625 0.08750925925925926
1 0.664734375 0.29185185185185186 0.077796875 0.08441666666666667
0 0.076125 0.3265092592592593 0.09376041666666667 0.06974999999999999
0 0.10046354166666666 0.4869814814814815 0.14409375000000002 0.10391666666666667
0 0.2431458333333333 0.4800740740740741 0.141734375 0.09828703703703705
0 0.377515625 0.47051851851851856 0.13366145833333334 0.09385185185185185
0 0.5027083333333333 0.4573888888888889 0.121546875 0.0944537037037037
0 0.7425052083333333 0.4401851851851852 0.11008333333333334 0.0851574074074074
0 0.8463854166666667 0.4341851851851852 0.0945 0.0781574074074074
0 0.6285208333333333 0.44733333333333336 0.122125 0.08583333333333333
0 0.9409322916666666 0.42542592592592593 0.08453645833333333 0.0682037037037037