0 0.210234375 0.9290092592592593 0.397078125 0.12552777777777777
0 0.600578125 0.9095092592592593 0.41346875 0.12345370370370372
0 0.7735260416666667 0.7004166666666667 0.14554166666666665 0.09780555555555555
0 0.6381979166666666 0.7181018518518518 0.15199479166666666 0.08967592592592592
0 0.5099635416666667 0.7348425925925925 0.13126041666666668 0.10312037037037038
0 0.39150520833333335 0.7477037037037036 0.13078125 0.10565740740740741
0 0.25683854166666664 0.7685462962962962 0.11402604166666667 0.09966666666666667
0 0.11957812500000001 0.7866481481481482 0.11909895833333332 0.09868518518518518
1 0.4443958333333333 0.5797777777777777 0.07232291666666667 0.0812962962962963
1 0.5167760416666667 0.5702962962962963 0.07427083333333333 0.07218518518518519
0 0.37290625 0.6009722222222221 0.06775 0.057972222222222224
0 0.9059791666666667 0.6816666666666668 0.16722916666666665 0.10271296296296296
1 0.5897916666666667 0.5637037037037037 0.0704375 0.07955555555555556