0 0.5889427083333333 0.7888333333333334 0.41684375 0.11882407407407408
0 0.21100520833333333 0.8090740740740741 0.37180729166666665 0.12911111111111112
1 0.07963020833333333 0.6443796296296296 0.15926041666666665 0.1454074074074074
0 0.19813020833333334 0.6697500000000001 0.09355208333333334 0.10013888888888889
0 0.32014062499999996 0.6588611111111111 0.111875 0.09482407407407407
0 0.448125 0.6466944444444443 0.12286458333333333 0.0859074074074074
0 0.5654114583333333 0.6416296296296297 0.12594791666666666 0.09053703703703704
0 0.6936875 0.631425925925926 0.13327604166666665 0.09448148148148149
0 0.8353229166666666 0.6230277777777777 0.15401041666666665 0.09996296296296296
0 0.43083333333333335 0.5048055555555556 0.07720833333333334 0.05931481481481482
1 0.36042708333333334 0.49630555555555556 0.07715104166666667 0.08022222222222222
1 0.502546875 0.49121296296296296 0.07465625000000001 0.07167592592592592
1 0.5737083333333334 0.47890740740740745 0.07413541666666666 0.08330555555555555
1 0.6468072916666666 0.46901851851851856 0.07436458333333333 0.08825000000000001