0 0.345109375 0.7520462962962964 0.44684375000000004 0.13912962962962963
0 0.7432552083333334 0.7314814814814815 0.3979479166666666 0.1298240740740741
0 0.21036979166666667 0.6070277777777778 0.14024999999999999 0.1007962962962963
0 0.3369270833333333 0.6020462962962964 0.14215625 0.09403703703703704
0 0.4640052083333333 0.6025185185185186 0.13111458333333334 0.09029629629629629
0 0.5879270833333333 0.6031388888888889 0.13201041666666666 0.09665740740740741
0 0.715609375 0.5999074074074073 0.12646354166666668 0.0878425925925926
1 0.4257239583333333 0.4340833333333333 0.07678645833333334 0.09805555555555556
1 0.3516666666666667 0.4376481481481482 0.08491145833333333 0.09205555555555556
1 0.2735572916666667 0.44025000000000003 0.084015625 0.08877777777777777
1 0.11614583333333334 0.42991666666666667 0.09179166666666667 0.1073425925925926
0 0.19197395833333333 0.45158333333333334 0.08652083333333334 0.06532407407407408
0 0.07479166666666666 0.6149074074074075 0.14958333333333332 0.10012037037037036
1 0.759140625 0.43648148148148147 0.07847916666666667 0.10250925925925926
0 0.853390625 0.5986851851851852 0.11063020833333333 0.09105555555555556