0 0.27384375 0.8238148148148149 0.4498333333333333 0.14762962962962964
0 0.6700677083333333 0.7756203703703703 0.347546875 0.1108888888888889
0 0.280015625 0.6676944444444445 0.14024999999999999 0.1007962962962963
0 0.4094375 0.6571111111111111 0.132359375 0.08443518518518518
0 0.536125 0.647537037037037 0.13111458333333334 0.09029629629629629
0 0.6686093750000001 0.6385462962962963 0.13734375 0.09733333333333334
0 0.7668177083333333 0.6330833333333333 0.11403645833333333 0.08919444444444444
1 0.3658125 0.48760185185185184 0.07678645833333334 0.09805555555555556
1 0.289203125 0.495212962962963 0.08491145833333333 0.09205555555555556
1 0.20995833333333333 0.49825 0.08934895833333334 0.08877777777777777
1 0.04589583333333334 0.4976203703703703 0.09179166666666667 0.1073425925925926
0 0.1268125 0.5169166666666667 0.09327083333333334 0.06664814814814815
0 0.12989062499999998 0.6772314814814815 0.17009895833333333 0.11900000000000001
1 0.69371875 0.48221296296296295 0.07115104166666668 0.09209259259259259