1 0.14453125 0.112109375 0.1359375 0.12265625
0 0.265234375 0.127734375 0.11171875 0.07890625
0 0.371484375 0.130078125 0.10390625 0.07734375
0 0.46875 0.13046875 0.1078125 0.06875
0 0.571484375 0.126953125 0.10703125 0.06796875
0 0.67890625 0.122265625 0.1140625 0.07421875
0 0.78671875 0.115625 0.10625 0.0609375
0 0.326953125 0.22578125 0.30078125 0.0765625
0 0.61953125 0.2171875 0.2984375 0.0921875
0 0.17109375 0.608203125 0.2578125 0.41171875
0 0.435546875 0.614453125 0.27578125 0.40546875
0 0.69609375 0.59609375 0.2375 0.396875
1 0.9 0.528125 0.2 0.50625