1 0.174859375 0.4636018518518519 0.2932916666666667 0.1642037037037037
0 0.75790625 0.3690740740740741 0.14955729166666665 0.13698148148148148
0 0.386484375 0.36107407407407405 0.149453125 0.05407407407407407
0 0.9611979166666667 0.28108333333333335 0.07760416666666667 0.045592592592592594
1 0.49271875 0.23601851851851852 0.151828125 0.07797222222222222
0 0.7856822916666667 0.26325 0.10110416666666668 0.07389814814814814
0 0.973265625 0.4045185185185185 0.053473958333333335 0.08960185185185185
0 0.9642395833333333 0.33258333333333334 0.07152083333333333 0.06455555555555556
0 0.7956770833333333 0.20344444444444446 0.08120833333333333 0.04375
0 0.9583541666666666 0.2434259259259259 0.083296875 0.039009259259259264
0 0.4079583333333333 0.3180462962962963 0.14366666666666666 0.0364537037037037
0 0.68778125 0.6101574074074074 0.276546875 0.3450648148148148
1 0.96084375 0.18930555555555553 0.07831250000000001 0.08142592592592593
0 0.442515625 0.28809259259259257 0.12611979166666668 0.02675