0 0.3419375 0.7216203703703704 0.43401562499999996 0.14351851851851852
0 0.7251354166666667 0.7050740740740741 0.35588020833333334 0.11316666666666667
0 0.05849479166666667 0.5577037037037037 0.11698958333333334 0.11197222222222222
0 0.19846875 0.5620740740740741 0.1360833333333333 0.09602777777777777
0 0.33383854166666665 0.5666944444444444 0.1354010416666667 0.0895
0 0.4614895833333333 0.5611203703703703 0.13106770833333334 0.08727777777777779
0 0.5839375 0.5625833333333333 0.12229166666666667 0.09087962962962963
0 0.7106666666666667 0.5558055555555556 0.12653125 0.09002777777777778
1 0.26565625 0.4012777777777778 0.08689583333333334 0.08356481481481481
0 0.18588020833333332 0.4045 0.08255729166666666 0.08230555555555556
1 0.34410416666666666 0.3980648148148148 0.07734375 0.08007407407407408
1 0.41921354166666663 0.3979259259259259 0.07248437499999999 0.08693518518518518