0 0.16064583333333332 0.6316851851851852 0.2626510416666667 0.39437962962962964
0 0.41769791666666667 0.6203703703703703 0.2747760416666667 0.40191666666666664
0 0.6791250000000001 0.6164259259259259 0.265796875 0.3878611111111111
1 0.8786302083333334 0.528037037037037 0.24273958333333334 0.5070277777777779
0 0.30528645833333334 0.23387962962962963 0.31133333333333335 0.08985185185185186
0 0.6011927083333333 0.22787962962962965 0.305921875 0.09430555555555555
1 0.121765625 0.12 0.13144270833333332 0.12862962962962962
0 0.240921875 0.14822222222222223 0.12541666666666668 0.06512037037037037
0 0.34610416666666666 0.14260185185185184 0.11264583333333333 0.06608333333333334
0 0.4502083333333333 0.13917592592592593 0.10734375 0.06393518518518518
0 0.5521979166666667 0.13473148148148148 0.10963541666666667 0.060833333333333336
0 0.6551822916666666 0.1265925925925926 0.10740625 0.06340740740740741
0 0.7644635416666666 0.12069444444444444 0.1115 0.06361111111111112