0 0.5272552083333334 0.4276388888888889 0.12748958333333332 0.13541666666666666
0 0.4765260416666666 0.6664814814814815 0.2114375 0.372962962962963
0 0.1193125 0.3846296296296296 0.15278645833333335 0.06481481481481481
0 0.144234375 0.33923148148148147 0.16878125 0.044425925925925924
1 0.253171875 0.2574166666666667 0.171328125 0.09177777777777778
0 0.20186458333333332 0.3096111111111111 0.158796875 0.03784259259259259
0 0.5447916666666667 0.3308240740740741 0.08920312500000001 0.07404629629629629
1 0.7474166666666666 0.27917592592592594 0.142125 0.07825
0 0.77090625 0.3310925925925926 0.183140625 0.03875925925925926
0 0.7834062500000001 0.366287037037037 0.21183854166666669 0.04735185185185185
0 0.7955885416666667 0.4126388888888889 0.226953125 0.06727777777777777
0 0.8139947916666667 0.4755277777777778 0.24935416666666665 0.08044444444444444
0 0.8569427083333333 0.5801018518518518 0.28611458333333334 0.1404074074074074
0 0.8797760416666667 0.755611111111111 0.24045312500000002 0.2500925925925926