0 0.34875 0.698962962962963 0.44684375000000004 0.13912962962962963
0 0.7388072916666667 0.6752407407407407 0.4001458333333333 0.1298240740740741
0 0.21404166666666666 0.5628333333333333 0.14024999999999999 0.1007962962962963
0 0.34349999999999997 0.5573425925925926 0.13675520833333332 0.09677777777777777
0 0.4717708333333333 0.5511203703703704 0.13111458333333334 0.09029629629629629
0 0.5954114583333333 0.5490555555555555 0.13201041666666666 0.09665740740740741
0 0.7228593750000001 0.5436574074074074 0.12646354166666668 0.0878425925925926
1 0.42972916666666666 0.37960185185185186 0.07678645833333334 0.09805555555555556
1 0.3546666666666667 0.3846574074074074 0.08491145833333333 0.09205555555555556
1 0.2780625 0.3838148148148148 0.084015625 0.08877777777777777
1 0.118890625 0.37794444444444447 0.09179166666666667 0.1073425925925926
0 0.20313020833333334 0.4051018518518518 0.08652083333333334 0.06532407407407408
0 0.07827604166666666 0.5609166666666666 0.156546875 0.09816666666666667
1 0.7668593749999999 0.37963888888888886 0.08067187499999999 0.10250925925925926
0 0.85703125 0.5401203703703704 0.11063020833333333 0.09105555555555556