1 0.07044791666666667 0.5637037037037037 0.13388541666666667 0.1474074074074074
0 0.18615625 0.5951851851851852 0.16238541666666664 0.09185185185185185
0 0.2987447916666667 0.6027777777777777 0.115484375 0.09518518518518518
0 0.4271614583333333 0.5937037037037037 0.13689583333333333 0.10962962962962963
0 0.5482864583333333 0.5951851851851852 0.13789583333333333 0.11851851851851852
0 0.6752083333333334 0.5886111111111112 0.13995833333333335 0.12798148148148147
0 0.8242447916666666 0.6011574074074074 0.174484375 0.11755555555555555
0 0.56225 0.7450648148148148 0.42304166666666665 0.1144537037037037
0 0.18783854166666666 0.7402777777777778 0.35544270833333336 0.10768518518518519
1 0.55725 0.4391759259259259 0.07611458333333333 0.07516666666666667
1 0.6284479166666667 0.4383240740740741 0.07261458333333333 0.0670462962962963
1 0.4853854166666667 0.44166666666666665 0.07732291666666667 0.06662037037037037