1 0.07898437500000001 0.7740555555555556 0.15796354166666668 0.16343518518518518
0 0.210234375 0.9399814814814814 0.40633854166666666 0.12003703703703703
0 0.597875 0.9177407407407407 0.43893229166666664 0.11522222222222223
0 0.8379479166666666 0.7538703703703703 0.14554166666666665 0.09780555555555555
0 0.70515625 0.7698333333333333 0.15199479166666666 0.08967592592592592
0 0.5673385416666666 0.7807129629629629 0.13126041666666668 0.10312037037037038
0 0.449796875 0.7840462962962963 0.126921875 0.09742592592592593
0 0.31845833333333334 0.8036018518518518 0.11016666666666668 0.09215740740740741
0 0.19444791666666666 0.8084814814814815 0.10800520833333334 0.09334259259259259
1 0.502390625 0.6325185185185185 0.07232291666666667 0.0812962962962963
1 0.575546875 0.6218888888888888 0.07427083333333333 0.07218518518518519
0 0.4334166666666667 0.646537037037037 0.06775 0.057972222222222224