1 0.12541145833333334 0.19116666666666668 0.13091666666666668 0.12350925925925925
0 0.42890104166666665 0.6899907407407407 0.26190104166666667 0.40225
1 0.5174375 0.0982962962962963 0.06765625 0.07807407407407407
0 0.23542708333333331 0.21787962962962965 0.11238541666666667 0.06584259259259259
0 0.342640625 0.2152037037037037 0.10111458333333333 0.06297222222222222
0 0.4399270833333333 0.21037962962962964 0.10275520833333333 0.06337037037037037
0 0.5408437500000001 0.20337037037037037 0.10286458333333333 0.06653703703703703
0 0.6413645833333333 0.1985185185185185 0.10373437499999999 0.06463888888888888
0 0.7431770833333334 0.19358333333333333 0.10220833333333333 0.06418518518518518
0 0.5948541666666666 0.28397222222222224 0.2972447916666667 0.08621296296296296
0 0.309296875 0.30875925925925923 0.30808854166666666 0.07823148148148147
0 0.153125 0.6996759259259259 0.28361458333333334 0.3841481481481481
0 0.6811041666666667 0.6855925925925926 0.2606979166666667 0.39544444444444443
0 0.3863958333333333 0.10975925925925926 0.07183854166666667 0.05074074074074074
1 0.45127083333333334 0.09853703703703703 0.069125 0.08008333333333333
0 0.24802604166666667 0.11394444444444445 0.07714583333333333 0.0490925925925926
1 0.9030781250000001 0.6010185185185185 0.19384375 0.507712962962963
1 0.3179635416666667 0.09174074074074073 0.07194270833333333 0.08730555555555557
1 0.5793750000000001 0.09080555555555556 0.05946354166666667 0.09093518518518517