0 0.3766458333333333 0.5592314814814815 0.18866666666666668 0.26422222222222225
0 0.3970572916666667 0.3825648148148148 0.12518229166666667 0.09472222222222222
0 0.050333333333333334 0.394212962962963 0.10066666666666667 0.030138888888888885
1 0.09704166666666666 0.3169074074074074 0.18040104166666668 0.09317592592592593
0 0.40581249999999996 0.3091481481481481 0.09451041666666667 0.050527777777777776
0 0.8660364583333333 0.7460185185185185 0.2679270833333333 0.3513981481481481
0 0.8128958333333334 0.5193796296296296 0.31604687499999995 0.1445
0 0.7224635416666667 0.41709259259259257 0.24572916666666667 0.09455555555555556
1 0.5941822916666666 0.22775 0.14686979166666667 0.0900648148148148
0 0.6835677083333334 0.3499259259259259 0.13467708333333334 0.03596296296296297
0 0.632234375 0.3179166666666667 0.1505989583333333 0.04033333333333333
0 0.06785416666666667 0.3682037037037037 0.131671875 0.027462962962962963