0 0.3817864583333333 0.44524074074074077 0.08875000000000001 0.0807037037037037
1 0.2731927083333333 0.4158148148148148 0.1526875 0.1243888888888889
0 0.4990625 0.45435185185185184 0.10401041666666666 0.07401851851851851
0 0.6287708333333334 0.4550462962962963 0.12392708333333333 0.0729074074074074
0 0.7586666666666667 0.4556944444444444 0.14023958333333333 0.08074074074074074
0 0.9003541666666667 0.456 0.15010416666666665 0.08398148148148149
1 0.8492239583333333 0.30426851851851855 0.08548958333333333 0.09057407407407407
1 0.7643541666666667 0.3092037037037037 0.086234375 0.08748148148148148
0 0.4052135416666667 0.5674537037037037 0.34059375000000003 0.09372222222222222
0 0.12379166666666667 0.5426574074074074 0.24758333333333335 0.09398148148148149
1 0.15685416666666668 0.41938888888888887 0.08864583333333333 0.11755555555555555