1 0.113671875 0.18125 0.13046875 0.1203125
0 0.425390625 0.66875 0.25078125 0.39375
1 0.509765625 0.07421875 0.06953125 0.078125
0 0.2359375 0.207421875 0.1125 0.06640625
0 0.343359375 0.2046875 0.10078125 0.0625
0 0.44140625 0.203515625 0.103125 0.06328125
0 0.540625 0.200390625 0.103125 0.06640625
0 0.642578125 0.196484375 0.10390625 0.06484375
0 0.744921875 0.18984375 0.10234375 0.0640625
0 0.594921875 0.283984375 0.29765625 0.08671875
0 0.3015625 0.30234375 0.3078125 0.078125
0 0.1609375 0.690234375 0.26875 0.38359375
0 0.676953125 0.65703125 0.26015625 0.3953125
0 0.3765625 0.094921875 0.071875 0.05078125
1 0.443359375 0.07890625 0.06953125 0.0796875
0 0.2390625 0.098828125 0.0765625 0.04921875
1 0.903125 0.59609375 0.19375 0.5078125
1 0.3109375 0.078125 0.071875 0.0875