0 0.40596875000000004 0.5187685185185185 0.18866666666666668 0.24364814814814814
0 0.43495833333333334 0.3598611111111111 0.12518229166666667 0.09179629629629629
0 0.07159895833333334 0.3619907407407407 0.14103645833333334 0.02574074074074074
1 0.14812499999999998 0.2739351851851852 0.172984375 0.10771296296296295
0 0.45113020833333334 0.29487037037037034 0.08215104166666666 0.04833333333333334
0 0.86603125 0.7144722222222222 0.26793229166666666 0.3184722222222222
0 0.8321875 0.500175925925926 0.31604687499999995 0.1445
0 0.74646875 0.4048148148148148 0.24572916666666667 0.09455555555555556
0 0.7100000000000001 0.34983333333333333 0.23177083333333334 0.05010185185185185
1 0.645109375 0.21266666666666667 0.14995833333333333 0.0982962962962963
0 0.682796875 0.31151851851851853 0.13467708333333334 0.03596296296296297
0 0.6708125 0.2856851851851852 0.127453125 0.02524074074074074