1 0.6838020833333334 0.28926851851851854 0.17773958333333334 0.06824074074074074
0 0.46775520833333334 0.45644444444444443 0.12064583333333333 0.13443518518518519
0 0.43419270833333334 0.6914444444444444 0.20320833333333335 0.35305555555555557
0 0.07654166666666667 0.4585092592592593 0.15308854166666666 0.05898148148148148
0 0.10250000000000001 0.415462962962963 0.17833333333333332 0.046296296296296294
0 0.14585416666666667 0.3787685185185185 0.14871875 0.034638888888888886
1 0.18862500000000001 0.3255462962962963 0.17404687500000002 0.08203703703703703
0 0.4847916666666666 0.3622037037037037 0.08674479166666667 0.06861111111111111
0 0.49218229166666666 0.31105555555555553 0.07122395833333334 0.04460185185185185
0 0.7193177083333333 0.369287037037037 0.23360416666666667 0.04825925925925926
0 0.7302395833333333 0.4155185185185185 0.224953125 0.04696296296296296
0 0.7485052083333333 0.4746388888888889 0.23218750000000002 0.0841574074074074
0 0.7972812499999999 0.5625370370370371 0.30483854166666663 0.12337962962962963
0 0.84965625 0.7203055555555555 0.30068229166666666 0.2063148148148148