0 0.849546875 0.7098796296296296 0.3009010416666667 0.20919444444444446
0 0.8272708333333333 0.5588148148148148 0.34546354166666665 0.11350925925925927
0 0.45029687500000004 0.6732685185185185 0.19259895833333335 0.34276851851851853
0 0.488734375 0.4398148148148148 0.11572916666666666 0.13202777777777777
0 0.11402083333333332 0.3963703703703704 0.181734375 0.04275
1 0.20891666666666667 0.28783333333333333 0.17269791666666665 0.11886111111111111
0 0.15791145833333334 0.3621851851851852 0.15982812500000002 0.033185185185185186
0 0.079671875 0.44423148148148145 0.15934375 0.06258333333333334
0 0.5009270833333334 0.3446666666666667 0.08352604166666668 0.07103703703703704
1 0.6862135416666667 0.2629259259259259 0.15938020833333333 0.10249074074074074
0 0.7024322916666667 0.32222222222222224 0.18557291666666667 0.030370370370370367
0 0.7144635416666667 0.3575185185185185 0.20587499999999997 0.03723148148148148
0 0.7410781249999999 0.40219444444444447 0.23979166666666665 0.05633333333333334
0 0.7695989583333334 0.45901851851851855 0.25722395833333334 0.08072222222222222