1 0.10651041666666666 0.6865740740740741 0.17291666666666666 0.14722222222222223
0 0.2296875 0.6949074074074074 0.11822916666666666 0.11203703703703703
0 0.35208333333333336 0.6768518518518518 0.115625 0.09814814814814815
0 0.47109375 0.6578703703703703 0.12083333333333333 0.09814814814814815
0 0.5901041666666667 0.6347222222222222 0.13802083333333334 0.11296296296296296
0 0.7229166666666667 0.6189814814814815 0.14010416666666667 0.1111111111111111
0 0.8611979166666667 0.5967592592592592 0.14375 0.1037037037037037
0 0.62890625 0.7912037037037037 0.42552083333333335 0.15555555555555556
0 0.2484375 0.8300925925925926 0.36614583333333334 0.14444444444444443
1 0.59375 0.4759259259259259 0.07395833333333333 0.08055555555555556
1 0.6651041666666667 0.46435185185185185 0.07604166666666666 0.0787037037037037
1 0.5190104166666667 0.49444444444444446 0.07708333333333334 0.07592592592592592