1 0.31010937499999996 0.12270370370370372 0.11496354166666665 0.12428703703703703
0 0.4173958333333333 0.14837962962962964 0.10934895833333333 0.07133333333333335
0 0.4207708333333333 0.03771296296296296 0.07822916666666666 0.05427777777777777
1 0.21158854166666666 0.12765740740740741 0.08775 0.11361111111111111
0 0.7205104166666667 0.1308703703703704 0.11457291666666666 0.07026851851851852
0 0.51696875 0.14024074074074075 0.10344791666666667 0.07224074074074073
0 0.6136979166666666 0.13377777777777777 0.11328645833333333 0.07882407407407407
0 0.8331614583333333 0.12310185185185184 0.124984375 0.07110185185185186
0 0.9461041666666666 0.12033333333333333 0.10779166666666667 0.06821296296296296
0 0.7755208333333333 0.2254537037037037 0.3217135416666667 0.09232407407407407
0 0.47738020833333333 0.24381481481481482 0.289703125 0.07759259259259259
0 0.5885 0.6193518518518518 0.26409895833333336 0.4002777777777778
0 0.3384427083333333 0.6040740740740741 0.225203125 0.37810185185185186
0 0.8428958333333333 0.6249722222222223 0.26999999999999996 0.4125185185185185
0 0.1174375 0.5920740740740741 0.21018229166666666 0.34876851851851853
0 0.21823958333333332 0.23516666666666666 0.2848072916666667 0.07321296296296295
0 0.5537552083333334 0.028787037037037038 0.07188020833333333 0.05756481481481482