0 0.27421875 0.7226851851851852 0.31614583333333335 0.4222222222222222
0 0.53203125 0.6925925925925925 0.2515625 0.4
1 0.7682291666666666 0.611574074074074 0.32395833333333335 0.41388888888888886
0 0.45598958333333334 0.32175925925925924 0.3 0.0787037037037037
0 0.08177083333333333 0.22962962962962963 0.14375 0.07037037037037037
0 0.19322916666666667 0.23333333333333334 0.1234375 0.05925925925925926
0 0.30234375 0.23333333333333334 0.115625 0.05925925925925926
0 0.40338541666666666 0.23333333333333334 0.10364583333333334 0.05462962962962963
0 0.5041666666666667 0.2337962962962963 0.09895833333333333 0.053703703703703705
0 0.6018229166666667 0.23148148148148148 0.1046875 0.05555555555555555
0 0.69375 0.22916666666666666 0.0921875 0.05648148148148148
1 0.16276041666666666 0.10416666666666667 0.08385416666666666 0.08518518518518518
0 0.23359375 0.12314814814814815 0.08072916666666667 0.05
1 0.30390625 0.10787037037037037 0.07135416666666666 0.07777777777777778
1 0.43828125 0.10972222222222222 0.06302083333333333 0.0824074074074074
1 0.371875 0.10833333333333334 0.07083333333333333 0.0787037037037037
0 0.084375 0.12175925925925926 0.084375 0.05925925925925926