0 0.8263385416666666 0.6100555555555556 0.34731770833333336 0.19730555555555557
0 0.42372916666666666 0.3916851851851852 0.11783854166666667 0.12284259259259259
1 0.13355208333333335 0.2833055555555556 0.17761458333333333 0.07631481481481482
0 0.750765625 0.47221296296296295 0.2857395833333333 0.11174074074074075
0 0.7026354166666666 0.39387037037037037 0.23633333333333334 0.07125925925925926
0 0.35903125 0.6141759259259258 0.2503958333333333 0.320462962962963
1 0.6224375 0.2327037037037037 0.14805208333333333 0.0706574074074074
0 0.6817864583333333 0.3418425925925926 0.21948958333333335 0.046
0 0.438609375 0.3058425925925926 0.07991666666666666 0.06593518518518518
0 0.067484375 0.3724074074074074 0.13496875 0.03899074074074074
1 0.886859375 0.14572222222222223 0.13336979166666665 0.04712037037037037
0 0.6485885416666667 0.3017037037037037 0.17951041666666667 0.042055555555555554
0 0.44310937499999997 0.2549166666666667 0.07188541666666667 0.042861111111111114