1 0.31191145833333334 0.3129259259259259 0.07752604166666667 0.09485185185185185
0 0.22702083333333334 0.6492777777777778 0.445625 0.14382407407407408
1 0.23113541666666665 0.32425 0.08374479166666667 0.08368518518518518
1 0.14558854166666665 0.3267407407407407 0.08339583333333334 0.08135185185185186
0 0.6158333333333333 0.6068148148148148 0.35036458333333337 0.12587962962962962
0 0.054239583333333334 0.3388888888888889 0.09579166666666666 0.07275925925925926
0 0.07577083333333333 0.4979537037037037 0.14409375000000002 0.10391666666666667
0 0.22 0.4910462962962963 0.141734375 0.09828703703703705
0 0.357453125 0.4746296296296296 0.13366145833333334 0.09385185185185185
0 0.48341666666666666 0.4711018518518519 0.121546875 0.0944537037037037
0 0.7155 0.46075925925925926 0.11008333333333334 0.08241666666666667
0 0.816625 0.4524537037037037 0.10306770833333333 0.0781574074074074
0 0.6038281249999999 0.46653703703703703 0.122125 0.08583333333333333
0 0.9085260416666666 0.4432592592592593 0.09070833333333334 0.0682037037037037