0 0.6188229166666667 0.592675925925926 0.24822916666666667 0.40322222222222226
0 0.16449999999999998 0.15586111111111112 0.12720833333333334 0.0750648148148148
0 0.2703541666666667 0.14880555555555555 0.114015625 0.07926851851851852
0 0.3752864583333333 0.1433888888888889 0.11111458333333334 0.07557407407407409
0 0.4783177083333333 0.1287962962962963 0.10902083333333333 0.06857407407407408
0 0.5835625 0.11553703703703704 0.10345833333333333 0.06689814814814815
0 0.5325989583333334 0.2167962962962963 0.2913854166666667 0.07711111111111112
0 0.22995833333333332 0.25757407407407407 0.31952083333333337 0.08987962962962963
0 0.116796875 0.6809444444444444 0.22896875 0.4178518518518518
0 0.36204166666666665 0.6394351851851852 0.2623229166666667 0.4149351851851852
1 0.84996875 0.5055925925925926 0.30006770833333335 0.4497407407407408
0 0.6784479166666666 0.10456481481481482 0.10159375 0.07659259259259259
1 0.051375 0.14160185185185187 0.10274479166666667 0.12825925925925927