1 0.16723958333333336 0.16237962962962962 0.12619791666666666 0.11859259259259261
0 0.47641666666666665 0.6508333333333333 0.25109895833333334 0.39423148148148146
1 0.554640625 0.04577777777777778 0.06963541666666666 0.07807407407407407
0 0.28654166666666664 0.1788425925925926 0.11238541666666667 0.06584259259259259
0 0.38722395833333334 0.17555555555555555 0.09668229166666667 0.06297222222222222
0 0.487171875 0.17546296296296296 0.10275520833333333 0.06337037037037037
0 0.5850885416666666 0.1671388888888889 0.10286458333333333 0.06653703703703703
0 0.6881614583333333 0.16369444444444445 0.10373437499999999 0.06463888888888888
0 0.7920729166666667 0.15300925925925926 0.10220833333333333 0.06418518518518518
0 0.644421875 0.26403703703703707 0.31022916666666667 0.08621296296296296
0 0.34230208333333334 0.26937962962962964 0.30808854166666666 0.07823148148148147
0 0.21736979166666667 0.6571481481481481 0.26905208333333336 0.3841481481481481
0 0.7192708333333333 0.639212962962963 0.2606979166666667 0.39544444444444443
0 0.4229895833333333 0.06439814814814815 0.07496875 0.05074074074074074
1 0.48821875 0.04875925925925926 0.069125 0.08008333333333333
0 0.29003645833333336 0.0717037037037037 0.07714583333333333 0.0490925925925926