0 0.225328125 0.2350833333333333 0.12711458333333334 0.06755555555555555
0 0.5768854166666666 0.3114722222222222 0.29897916666666663 0.07218518518518519
1 0.8640625 0.6108518518518519 0.2718697916666667 0.5142314814814815
0 0.15447395833333333 0.7297685185185185 0.281171875 0.4026018518518519
0 0.407375 0.7150185185185185 0.2707239583333333 0.41837962962962966
0 0.6461354166666666 0.69925 0.24535416666666665 0.4005462962962963
0 0.32780729166666667 0.2350833333333333 0.11196874999999999 0.06755555555555555
0 0.42811458333333335 0.23499074074074072 0.11216145833333332 0.06310185185185185
0 0.5323802083333333 0.23416666666666666 0.11444270833333332 0.05899074074074074
0 0.6272135416666667 0.22984259259259257 0.09577604166666666 0.06057407407407408
0 0.7271458333333333 0.2239722222222222 0.10322916666666666 0.06343518518518519
1 0.5655 0.10805555555555556 0.07249479166666667 0.07539814814814816
1 0.5021822916666667 0.11008333333333334 0.06776041666666667 0.07825925925925925
0 0.364515625 0.12671296296296294 0.07279687500000001 0.04755555555555555
1 0.43050520833333333 0.11091666666666668 0.066109375 0.07374074074074075
1 0.29819270833333333 0.11234259259259259 0.07271354166666667 0.07900925925925925