1 0.175 0.4640625 0.29375 0.1640625
0 0.7578125 0.369140625 0.15 0.13671875
0 0.386328125 0.361328125 0.14921875 0.05390625
0 0.9609375 0.280859375 0.078125 0.04609375
1 0.492578125 0.2359375 0.15234375 0.078125
0 0.785546875 0.26328125 0.10078125 0.0734375
0 0.973046875 0.404296875 0.05390625 0.08984375
0 0.9640625 0.332421875 0.071875 0.06484375
0 0.79609375 0.20390625 0.08125 0.04375
0 0.958203125 0.24296875 0.08359375 0.0390625
0 0.4078125 0.31796875 0.14375 0.0359375
0 0.68828125 0.61015625 0.2765625 0.3453125
1 0.9609375 0.18984375 0.078125 0.08125
0 0.442578125 0.28828125 0.12578125 0.0265625