1 0.48049479166666664 0.33864814814814814 0.072953125 0.08997222222222222
0 0.408921875 0.6595740740740741 0.42216666666666663 0.12242592592592592
1 0.4095052083333333 0.3424259259259259 0.07795833333333334 0.08368518518518518
1 0.33200520833333336 0.3381574074074074 0.078453125 0.08276851851851852
0 0.7864739583333333 0.6581574074074074 0.3577708333333333 0.12587962962962962
0 0.128328125 0.503 0.14406770833333335 0.09139814814814815
0 0.2740208333333333 0.5038888888888889 0.13898437500000002 0.09385185185185185
0 0.39765104166666665 0.5041111111111112 0.13283854166666667 0.0944537037037037
0 0.6480052083333334 0.5091481481481481 0.11625520833333333 0.10096296296296296
0 0.7679114583333334 0.5108518518518519 0.12235416666666667 0.10057407407407408
0 0.5232291666666666 0.5040370370370371 0.12491666666666666 0.08869444444444445
0 0.8966302083333333 0.5171018518518519 0.13499479166666667 0.09449074074074074
1 0.8285260416666667 0.3595 0.088734375 0.09471296296296297
0 0.252703125 0.35095370370370366 0.08434375 0.07285185185185186