0 0.5424947916666666 0.6853425925925926 0.12580729166666668 0.09669444444444444
0 0.6981666666666667 0.8276388888888889 0.40552083333333333 0.12840740740740741
0 0.326875 0.8301944444444445 0.33755208333333336 0.11709259259259258
1 0.06547916666666667 0.6876481481481481 0.09101041666666668 0.12628703703703703
1 0.18691666666666668 0.6845740740740741 0.15672916666666667 0.12490740740740741
0 0.30056770833333335 0.6912685185185186 0.09486979166666668 0.10396296296296297
0 0.41976562500000003 0.6925 0.10444270833333333 0.099
0 0.6635885416666666 0.6789444444444445 0.13009375 0.09694444444444444
0 0.8012864583333333 0.6701296296296296 0.13797395833333334 0.0967962962962963
0 0.5273333333333333 0.5397962962962963 0.06625 0.06012037037037038
1 0.5964635416666667 0.5210185185185185 0.07180729166666668 0.07750925925925925
1 0.67015625 0.5099444444444444 0.07620833333333334 0.08163888888888889
1 0.4557291666666667 0.5273148148148148 0.07438541666666666 0.08394444444444445
1 0.7475989583333333 0.5036481481481482 0.07840104166666667 0.0848425925925926