0 0.3354947916666667 0.5828148148148149 0.263453125 0.38586111111111115
0 0.7417135416666666 0.038981481481481485 0.09765104166666667 0.06583333333333333
0 0.5917291666666666 0.5235648148148149 0.250515625 0.38346296296296295
0 0.10200000000000001 0.6138981481481481 0.20400000000000001 0.3706759259259259
0 0.12006770833333333 0.11498148148148149 0.12708854166666667 0.07658333333333332
1 0.8096093750000001 0.4294259259259259 0.2822604166666667 0.3915277777777778
0 0.18647395833333333 0.207712962962963 0.33398958333333334 0.09206481481481482
0 0.4975625 0.16187962962962965 0.2992916666666667 0.08732407407407408
0 0.23221875 0.10285185185185185 0.11478645833333333 0.07914814814814815
0 0.33804166666666663 0.09136111111111112 0.11023958333333334 0.07121296296296296
0 0.44422395833333334 0.08017592592592593 0.10643229166666666 0.07278703703703704
0 0.5452395833333333 0.06335185185185185 0.10096875000000001 0.07401851851851851
0 0.6459583333333333 0.05291666666666667 0.09884895833333333 0.06683333333333334