1 0.14453125 0.11157407407407408 0.1359375 0.12314814814814815
0 0.26536458333333335 0.12777777777777777 0.11197916666666667 0.0787037037037037
0 0.37135416666666665 0.12962962962962962 0.10364583333333334 0.07777777777777778
0 0.46875 0.1300925925925926 0.1078125 0.06944444444444445
0 0.5713541666666667 0.12731481481481483 0.10625 0.06851851851851852
0 0.6786458333333333 0.12175925925925926 0.1140625 0.07407407407407407
0 0.78671875 0.11527777777777778 0.10625 0.06111111111111111
0 0.3268229166666667 0.22592592592592592 0.30052083333333335 0.07685185185185185
0 0.61953125 0.21712962962962962 0.2984375 0.09166666666666666
0 0.17083333333333334 0.6083333333333333 0.2578125 0.41203703703703703
0 0.4356770833333333 0.6143518518518518 0.2760416666666667 0.40555555555555556
0 0.69609375 0.5953703703703703 0.23802083333333332 0.3972222222222222
1 0.9002604166666667 0.5287037037037037 0.19947916666666668 0.5055555555555555