0 0.22634374999999998 0.47599074074074077 0.13126041666666668 0.13923148148148148
0 0.18265104166666665 0.7340555555555556 0.23407291666666669 0.3720833333333334
0 0.24037499999999998 0.3741574074074074 0.097984375 0.07375000000000001
0 0.24713020833333335 0.3196296296296296 0.08375520833333333 0.05041666666666667
1 0.4400364583333333 0.3178888888888889 0.13348437500000002 0.0718425925925926
0 0.4500677083333333 0.3651388888888889 0.15078125 0.0335
0 0.4595677083333333 0.3972777777777778 0.15726041666666665 0.04087962962962963
0 0.488359375 0.4418055555555555 0.20580208333333333 0.05499074074074074
0 0.525671875 0.5007777777777778 0.25790104166666666 0.07597222222222222
0 0.5678072916666667 0.5886481481481481 0.2925364583333333 0.12234259259259259
0 0.6266458333333333 0.7373611111111111 0.3370885416666667 0.23073148148148148
1 0.9310520833333332 0.3481666666666666 0.10761458333333333 0.09619444444444444
0 0.837609375 0.32811111111111113 0.08225520833333334 0.025314814814814814
0 0.7960416666666668 0.3107962962962963 0.09777604166666666 0.02148148148148148