0 0.36867187500000004 0.5663518518518518 0.263453125 0.38586111111111115
0 0.8810520833333333 0.04788888888888889 0.09765104166666667 0.06583333333333333
0 0.6187343750000001 0.520824074074074 0.250515625 0.38346296296296295
0 0.11820312499999999 0.6084074074074074 0.2256041666666667 0.3706759259259259
0 0.27373958333333337 0.13264814814814813 0.1180625 0.06006481481481482
1 0.8588697916666667 0.43902777777777774 0.2822604166666667 0.3915277777777778
0 0.23740104166666667 0.22691666666666666 0.31392708333333336 0.09206481481481482
0 0.5376875 0.19342592592592592 0.2992916666666667 0.08732407407407408
0 0.38057812500000004 0.11666666666666667 0.11478645833333333 0.06756481481481481
0 0.483140625 0.10250000000000001 0.10472395833333333 0.07032407407407408
0 0.5820572916666666 0.09042592592592592 0.11244791666666668 0.06476851851851852
0 0.6823177083333333 0.07449074074074075 0.10547916666666667 0.06421296296296296
0 0.7837916666666668 0.05915740740740741 0.09884895833333333 0.06683333333333334
0 0.16535416666666666 0.1405648148148148 0.12229166666666667 0.07306481481481482
1 0.05500520833333333 0.12246296296296295 0.11001562499999999 0.12775925925925924