1 0.12421875 0.119921875 0.1359375 0.12265625
0 0.2421875 0.1375 0.1125 0.078125
0 0.351953125 0.141015625 0.10390625 0.07734375
0 0.45546875 0.14140625 0.1078125 0.06875
0 0.555078125 0.139453125 0.10703125 0.06796875
0 0.66171875 0.130078125 0.1140625 0.07421875
0 0.76640625 0.121875 0.10625 0.0609375
0 0.309765625 0.23125 0.30078125 0.0765625
0 0.6046875 0.223828125 0.2984375 0.09140625
0 0.15390625 0.62890625 0.2578125 0.4125
0 0.424609375 0.62109375 0.27578125 0.40625
0 0.672265625 0.609375 0.23828125 0.396875
1 0.89453125 0.533984375 0.2109375 0.51640625