1 0.130859375 0.135546875 0.13515625 0.11484375
0 0.245703125 0.15703125 0.11796875 0.06875
0 0.2546875 0.049609375 0.078125 0.05390625
0 0.388671875 0.044921875 0.07421875 0.05234375
1 0.322265625 0.03515625 0.07109375 0.0703125
1 0.45625 0.03359375 0.06875 0.065625
0 0.558203125 0.148828125 0.11171875 0.05859375
0 0.3546875 0.155859375 0.1 0.06796875
0 0.4515625 0.154296875 0.10625 0.06796875
0 0.65703125 0.14375 0.1125 0.0625
0 0.7625 0.1359375 0.1078125 0.0671875
0 0.60625 0.2328125 0.29375 0.0859375
0 0.309765625 0.24296875 0.30703125 0.08125
0 0.44140625 0.63984375 0.25625 0.378125
0 0.17734375 0.64921875 0.271875 0.3921875
0 0.693359375 0.620703125 0.24921875 0.38359375
1 0.909765625 0.5640625 0.18046875 0.4671875