0 0.3303645833333333 0.7010462962962963 0.43401562499999996 0.14351851851851852
0 0.7166458333333333 0.6927314814814814 0.35588020833333334 0.11316666666666667
0 0.18332291666666667 0.5330092592592592 0.16019791666666666 0.11197222222222222
0 0.32655208333333335 0.5456111111111112 0.1360833333333333 0.09602777777777777
0 0.4553645833333333 0.5447500000000001 0.12228645833333333 0.0895
0 0.5826302083333333 0.5474074074074075 0.13106770833333334 0.08727777777777779
0 0.7089322916666667 0.5420092592592592 0.12229166666666667 0.09087962962962963
0 0.8356614583333334 0.543462962962963 0.10646874999999999 0.09002777777777778
1 0.2579427083333333 0.3875648148148148 0.08689583333333334 0.08356481481481481
0 0.1789375 0.3962685185185185 0.08255729166666666 0.08230555555555556
1 0.338703125 0.3898333333333333 0.07734375 0.08007407407407408
1 0.41304166666666664 0.38695370370370374 0.07248437499999999 0.08693518518518518