0 0.815453125 0.6658611111111111 0.36909375 0.20092592592592592
0 0.6528125 0.3868888888888889 0.22394791666666666 0.051722222222222225
1 0.10365104166666667 0.3100462962962963 0.18988541666666667 0.07067592592592592
0 0.39536458333333335 0.43122222222222223 0.121890625 0.11431481481481481
0 0.413015625 0.33971296296296294 0.088140625 0.0628425925925926
0 0.8477239583333334 0.8703055555555556 0.30455208333333333 0.23264814814814813
1 0.5966302083333334 0.27822222222222226 0.14315104166666667 0.06894444444444443
1 0.8526979166666667 0.19547222222222224 0.12333854166666666 0.04961111111111111
0 0.6789166666666666 0.4445648148148148 0.24194791666666668 0.07671296296296296
0 0.35334374999999996 0.6526296296296297 0.2387291666666667 0.3188611111111111
0 0.7319583333333333 0.5293518518518519 0.29913020833333337 0.10768518518518519
0 0.4177604166666667 0.2908796296296296 0.08405729166666666 0.03586111111111111
0 0.05164583333333333 0.3997407407407408 0.09988020833333335 0.039685185185185184
0 0.6333854166666666 0.3502777777777778 0.205734375 0.03799074074074074
0 0.9512135416666666 0.22275925925925927 0.08838541666666666 0.03300925925925926
0 0.42768229166666666 0.2556203703703704 0.063953125 0.029981481481481484