0 0.16903645833333333 0.6910462962962963 0.23744791666666665 0.4015185185185185
0 0.4173072916666667 0.6608240740740742 0.2605 0.39609259259259255
0 0.6588697916666667 0.6216759259259259 0.22819270833333333 0.409462962962963
1 0.8893906250000001 0.5760555555555555 0.22121875 0.39997222222222223
0 0.28060416666666665 0.2965185185185185 0.31133854166666663 0.0783611111111111
0 0.20988020833333335 0.20507407407407408 0.12015104166666667 0.07364814814814816
0 0.32106250000000003 0.19468518518518518 0.11117708333333334 0.06985185185185185
0 0.423609375 0.19161111111111112 0.10683333333333334 0.06786111111111112
0 0.5246458333333334 0.17477777777777778 0.104484375 0.06985185185185185
0 0.6263697916666667 0.16794444444444445 0.100828125 0.06762037037037037
1 0.28977604166666665 0.07764814814814815 0.0695625 0.06417592592592593
1 0.089140625 0.18150000000000002 0.12256770833333334 0.13698148148148148
0 0.57415625 0.2768333333333334 0.28495312500000003 0.09107407407407407
0 0.7236510416666667 0.15318518518518517 0.09907291666666666 0.06281481481481482
0 0.220125 0.0957962962962963 0.06782291666666666 0.04039814814814815
0 0.3572447916666667 0.08212037037037037 0.073875 0.047712962962962964
1 0.42276562500000003 0.06994444444444445 0.06409895833333333 0.06494444444444444
1 0.4882708333333333 0.06599074074074074 0.06555208333333333 0.05781481481481481
1 0.5523177083333334 0.060481481481481476 0.061796875 0.05938888888888889