1 0.16393749999999999 0.41606481481481483 0.1465 0.15243518518518517
0 0.29810416666666667 0.3628240740740741 0.132609375 0.12311111111111112
1 0.5515208333333333 0.24394444444444444 0.130390625 0.15003703703703702
0 0.4269114583333333 0.3194444444444444 0.12961979166666668 0.12688888888888888
0 0.662875 0.21853703703703706 0.09903645833333334 0.11437037037037037
0 0.7873072916666667 0.16528703703703704 0.09874479166666666 0.09252777777777778
0 0.8852291666666667 0.11873148148148147 0.12106770833333333 0.07982407407407408
0 0.35466145833333335 0.17950000000000002 0.073875 0.06875925925925927
1 0.4999635416666666 0.10985185185185185 0.079203125 0.07465740740740741
0 0.42895833333333333 0.15021296296296296 0.07453125 0.06298148148148147
0 0.27869270833333337 0.20855555555555558 0.08008333333333333 0.06987037037037036
0 0.19964583333333333 0.2316574074074074 0.08342187499999999 0.0701574074074074
0 0.12244791666666667 0.2565925925925926 0.08503645833333334 0.06197222222222223