0 0.61875 0.5925925925925926 0.2484375 0.4027777777777778
0 0.16145833333333334 0.1638888888888889 0.12708333333333333 0.075
0 0.27239583333333334 0.15694444444444444 0.10572916666666667 0.07685185185185185
0 0.37526041666666665 0.14351851851851852 0.1109375 0.07592592592592592
0 0.47604166666666664 0.1398148148148148 0.10885416666666667 0.06851851851851852
0 0.57734375 0.12361111111111112 0.10364583333333334 0.06666666666666667
0 0.5286458333333334 0.2263888888888889 0.28958333333333336 0.07962962962962963
0 0.228125 0.25601851851851853 0.3203125 0.09259259259259259
0 0.11901041666666666 0.6601851851851852 0.22916666666666666 0.41759259259259257
0 0.36432291666666666 0.6476851851851851 0.2625 0.4148148148148148
1 0.8541666666666666 0.5055555555555555 0.2916666666666667 0.45
0 0.6744791666666666 0.10740740740740741 0.1015625 0.07685185185185185
1 0.05130208333333333 0.1527777777777778 0.10260416666666666 0.1287037037037037