0 0.19853645833333333 0.8919722222222223 0.397078125 0.12552777777777777
0 0.5815520833333333 0.857175925925926 0.40988020833333333 0.13622222222222222
0 0.6829739583333333 0.6950462962962963 0.13605729166666666 0.09626851851851852
0 0.5536875 0.7062222222222222 0.12784895833333335 0.09657407407407408
0 0.43618229166666667 0.7220648148148149 0.12694791666666666 0.10849074074074075
0 0.30397395833333335 0.7323703703703704 0.11094791666666667 0.10565740740740741
0 0.18116145833333333 0.7471018518518519 0.11402604166666667 0.09660185185185186
1 0.07247395833333334 0.7253796296296297 0.14494791666666668 0.1446388888888889
1 0.48903645833333337 0.5555462962962963 0.07232291666666667 0.0812962962962963
1 0.557328125 0.54 0.07427083333333333 0.07218518518518519
0 0.419421875 0.57825 0.07218229166666666 0.05857407407407407
0 0.8253489583333333 0.687037037037037 0.15343229166666666 0.09964814814814815
1 0.6317083333333334 0.5364444444444445 0.0704375 0.07955555555555556
1 0.3462864583333333 0.5673981481481482 0.080421875 0.08867592592592592