0 0.18325520833333334 0.6462222222222221 0.28231249999999997 0.4079259259259259
0 0.45455729166666664 0.6395555555555555 0.27033854166666665 0.3978055555555556
0 0.7052552083333333 0.6347407407407407 0.2875 0.4015740740740741
1 0.89053125 0.5718518518518518 0.2189375 0.48498148148148146
0 0.6261354166666667 0.24880555555555553 0.30736979166666667 0.07973148148148149
0 0.33051562500000004 0.25378703703703703 0.3016875 0.08247222222222221
1 0.04320833333333333 0.13427777777777777 0.08642187500000001 0.13065740740740742
1 0.14818229166666666 0.1346111111111111 0.12614583333333332 0.1313425925925926
0 0.26736458333333335 0.05101851851851852 0.082453125 0.055092592592592596
0 0.26427083333333334 0.1637037037037037 0.11130729166666667 0.059500000000000004
0 0.3682916666666667 0.16572222222222222 0.1086875 0.06102777777777778
0 0.40505208333333337 0.052055555555555556 0.074265625 0.049601851851851855
1 0.338828125 0.03981481481481482 0.07721874999999999 0.07962962962962963
1 0.4715260416666667 0.038537037037037036 0.070140625 0.07707407407407407
1 0.5380885416666668 0.03596296296296297 0.06822916666666666 0.07193518518518519
1 0.603140625 0.035444444444444445 0.07397395833333334 0.07089814814814814
0 0.574578125 0.16112962962962965 0.11484375 0.06444444444444444
0 0.6765416666666667 0.15663888888888888 0.10666666666666667 0.06387962962962962
0 0.7740208333333333 0.15182407407407408 0.1000625 0.06132407407407408
0 0.46991666666666665 0.16403703703703704 0.107921875 0.06493518518518518