0 0.178359375 0.7202500000000001 0.30593229166666663 0.33385185185185184
0 0.43857812500000004 0.6785833333333333 0.23609895833333333 0.3403611111111111
1 0.6784479166666666 0.5625833333333333 0.2933854166666666 0.36660185185185185
0 0.353703125 0.35382407407407407 0.29628645833333334 0.09653703703703705
0 0.19813020833333334 0.28802777777777777 0.11872916666666668 0.056157407407407406
0 0.30594791666666665 0.2748055555555556 0.10597395833333333 0.05915740740740741
0 0.07891666666666668 0.30386111111111114 0.13097395833333333 0.06488888888888888
0 0.5889375 0.23871296296296296 0.11008333333333334 0.05289814814814815
0 0.500359375 0.2496574074074074 0.10546875 0.058111111111111106
0 0.6709895833333334 0.21949074074074076 0.08435416666666667 0.053814814814814815
0 0.410609375 0.26555555555555554 0.105828125 0.056027777777777774